  -0.12000000E+01   0.332784999999999997E+00   0.734014999999999973E+00   0.105683400000000005E+01
  -0.12000000E+01   0.857255800000000079E+01   0.475978899999999960E+01   0.461386999999999992E+00
  -0.12000000E+01   0.421715299999999971E+01   0.440437000000000023E+00   0.924377499999999941E+01
   0.24000000E+01   0.263445999999999980E+01   0.856222999999999956E+00   0.847823700000000002E+01
  -0.12000000E+01   0.753991999999999996E+00   0.331162899999999993E+01   0.679738199999999981E+01
   0.24000000E+01   0.791190899999999964E+01   0.405368499999999976E+01   0.102174920000000000E+02
  -0.12000000E+01   0.993855999999999962E+00   0.135399699999999990E+01   0.544936500000000024E+01
  -0.12000000E+01   0.261786299999999983E+01   0.924151900000000026E+01   0.483696199999999976E+01
   0.24000000E+01   0.327060899999999988E+01   0.973353000000000024E+00   0.305112000000000005E+01
  -0.12000000E+01   0.854444499999999962E+01   0.518417900000000031E+01   0.919781000000000049E+01
  -0.12000000E+01   0.438685300000000034E+01   0.808276599999999945E+01   0.361216299999999979E+01
  -0.12000000E+01   0.772769499999999976E+01   0.403252699999999997E+01   0.392125700000000021E+01
   0.24000000E+01   0.141495600000000010E+01   0.528406999999999982E+01   0.384283999999999981E+01
  -0.12000000E+01   0.708373999999999970E+01   0.462230800000000031E+01   0.695233599999999985E+01
  -0.12000000E+01   0.865267300000000006E+01   0.967721099999999979E+01   0.251468399999999992E+01
  -0.12000000E+01   0.366548600000000002E+01   0.793153799999999976E+01   0.636993600000000004E+01
  -0.12000000E+01   0.101665279999999996E+02   0.103246669999999998E+02   0.100687370000000005E+02
  -0.12000000E+01   0.633262400000000003E+01   0.830046800000000040E+01   0.193695299999999992E+01
   0.24000000E+01   0.761419099999999993E+01   0.898356099999999991E+01   0.143000499999999997E+01
  -0.12000000E+01   0.437739700000000020E+01   0.440580899999999964E+01   0.995823000000000014E+00
  -0.12000000E+01   0.332796300000000000E+01   0.282259500000000019E+01   0.603296600000000005E+01
  -0.12000000E+01   0.876850699999999961E+01   0.301362299999999994E+01   0.206442300000000012E+01
  -0.12000000E+01   0.866250800000000076E+01   0.675330199999999969E+01   0.724755899999999986E+01
   0.24000000E+01   0.143861900000000009E+01   0.345627899999999988E+01   0.976224299999999978E+01
  -0.12000000E+01   0.102413400000000010E+01   0.607493499999999997E+01   0.760961999999999961E+01
   0.24000000E+01   0.528187500000000032E+01   0.715331000000000028E+01   0.259095800000000009E+01
  -0.12000000E+01   0.624854700000000030E+01   0.614216699999999971E+01   0.320021800000000001E+01
   0.24000000E+01   0.865153199999999956E+01   0.986198399999999964E+01   0.103264030000000009E+02
   0.24000000E+01   0.919682800000000000E+01   0.618956499999999998E+01   0.843857999999999997E+00
  -0.12000000E+01   0.367148200000000013E+01   0.487836900000000018E+01   0.720382099999999959E+01
   0.24000000E+01   0.214084500000000011E+01   0.814068800000000081E+01   0.985189500000000073E+01
  -0.12000000E+01   0.210951099999999991E+01   0.217015799999999981E+01   0.886774300000000082E+01
  -0.12000000E+01   0.230524400000000007E+01   0.532873500000000000E+01   0.253356199999999987E+01
   0.24000000E+01   0.414657400000000020E+01   0.983039800000000064E+01   0.974770099999999928E+01
   0.24000000E+01   0.487321999999999989E+01   0.795500600000000002E+01   0.735371099999999966E+01
   0.24000000E+01   0.715714800000000029E+01   0.636424099999999981E+01   0.678441600000000022E+01
  -0.12000000E+01   0.935112200000000016E+01   0.136732999999999993E+00   0.726584900000000022E+01
   0.24000000E+01   0.659857500000000030E+01   0.491976899999999961E+01   0.453896600000000028E+01
   0.24000000E+01   0.719333699999999965E+01   0.312707500000000005E+01   0.726541000000000015E+01
  -0.12000000E+01   0.687542200000000037E+01   0.616059999999999963E+01   0.532584600000000030E+01
  -0.12000000E+01   0.863121699999999947E+01   0.286965499999999984E+01   0.652396699999999985E+01
  -0.12000000E+01   0.515580399999999983E+01   0.410578399999999988E+01   0.487652199999999958E+01
  -0.12000000E+01   0.564931300000000025E+01   0.270372799999999991E+01   0.700911599999999968E+01
  -0.12000000E+01   0.282496599999999987E+01   0.925159299999999973E+01   0.105169210000000000E+02
   0.24000000E+01   0.179617399999999994E+01   0.275856499999999993E+01   0.573720099999999977E+01
  -0.12000000E+01   0.184919900000000004E+01   0.653506300000000007E+01   0.492296699999999987E+01
   0.24000000E+01   0.330235199999999995E+01   0.546435500000000030E+01   0.131522099999999997E+01
   0.24000000E+01   0.926425200000000082E+01   0.423234499999999958E+01   0.300875000000000004E+01
  -0.12000000E+01   0.885014999999999996E+00   0.825252200000000080E+01   0.657544199999999979E+01
  -0.12000000E+01   0.265778600000000020E+01   0.476307599999999987E+01   0.968086899999999950E+01
   0.24000000E+01   0.494249399999999994E+01   0.290466300000000022E+01   0.130609400000000009E+01
  -0.12000000E+01   0.967468700000000048E+01   0.577409899999999965E+01   0.235230000000000006E+01
  -0.12000000E+01   0.752787900000000043E+01   0.319613699999999978E+01   0.907761600000000080E+01
   0.24000000E+01   0.458681800000000006E+01   0.374090200000000017E+01   0.640172200000000036E+01
   0.24000000E+01   0.423138199999999998E+01   0.902811999999999948E+01   0.484009900000000037E+01
  -0.12000000E+01   0.454162800000000022E+01   0.860749599999999937E+01   0.882659899999999986E+01
  -0.12000000E+01   0.300579300000000016E+01   0.692899699999999985E+01   0.872493200000000080E+01
   0.24000000E+01   0.264929300000000012E+01   0.572656499999999991E+01   0.787403199999999970E+01
  -0.12000000E+01   0.585811399999999960E+01   0.665587700000000027E+01   0.773018800000000006E+01
   0.24000000E+01   0.205611800000000011E+01   0.810164499999999954E+01   0.563978900000000039E+01
  -0.12000000E+01   0.225060000000000017E-01   0.571676300000000026E+01   0.348478600000000016E+01
  -0.12000000E+01   0.432330199999999998E+01   0.673982399999999959E+01   0.142057900000000004E+01
   0.24000000E+01   0.995130200000000009E+01   0.330196800000000001E+01   0.607773300000000027E+01
  -0.12000000E+01   0.148142499999999999E+01   0.367571199999999987E+01   0.446933500000000006E+01
   0.24000000E+01   0.790529599999999988E+01   0.339162799999999987E+01   0.759311999999999987E+00
  -0.12000000E+01   0.390277999999999992E+01   0.224463400000000002E+01   0.245526400000000011E+01
   0.24000000E+01   0.961650299999999980E+01   0.588795700000000011E+01   0.820718100000000028E+01
  -0.12000000E+01   0.804940299999999986E+01   0.997869500000000009E+01   0.883909399999999934E+01
  -0.12000000E+01   0.100704139999999995E+02   0.407433300000000020E+01   0.440619199999999989E+01
  -0.12000000E+01   0.101163900000000009E+02   0.463442099999999968E+01   0.723253599999999963E+01
  -0.12000000E+01   0.816429899999999975E+01   0.993726299999999974E+01   0.483407199999999992E+01
   0.24000000E+01   0.379423999999999984E+00   0.146018699999999990E+01   0.257291900000000018E+01
  -0.12000000E+01   0.649833299999999969E+01   0.324020999999999981E+01   0.137143199999999998E+01
  -0.12000000E+01   0.188860699999999992E+01   0.133597999999999995E+01   0.292424799999999996E+01
  -0.12000000E+01   0.697011999999999965E+01   0.450049499999999991E+01   0.115638769999999997E+02
  -0.12000000E+01   0.771681200000000000E+01   0.112129809999999992E+02   0.108233359999999994E+02
  -0.12000000E+01   0.878853400000000029E+01   0.847665399999999991E+01   0.111235219999999995E+02
  -0.12000000E+01   0.275615699999999997E+01   0.465951499999999985E+01   0.122810679999999994E+02
   0.24000000E+01   0.309834200000000015E+01   0.573339300000000041E+01   0.110764790000000009E+02
  -0.12000000E+01   0.462805900000000037E+01   0.603702100000000019E+01   0.111598269999999999E+02
  -0.12000000E+01   0.904049799999999948E+01   0.336201699999999981E+01   0.110962010000000006E+02
   0.24000000E+01   0.608136999999999972E+01   0.567781399999999969E+01   0.121926179999999995E+02
  -0.12000000E+01   0.535734400000000033E+01   0.993153700000000050E+01   0.107141319999999993E+02
  -0.12000000E+01   0.124323699999999993E+01   0.304862399999999978E+01   0.112649310000000007E+02
  -0.12000000E+01   0.692844800000000038E+01   0.697527999999999970E+01   0.122064470000000007E+02
  -0.12000000E+01   0.199219999999999997E+01   0.698475999999999964E+01   0.109009520000000002E+02
  -0.12000000E+01   0.589916700000000027E+01   0.858720300000000059E+01   0.607953600000000005E+01
  -0.12000000E+01   0.102466100000000004E+02   0.114298029999999997E+02   0.329474299999999998E+01
   0.24000000E+01   0.663099900000000009E+01   0.994932099999999942E+01   0.538128199999999968E+01
   0.24000000E+01   0.897364800000000074E+01   0.106497480000000007E+02   0.375748399999999982E+01
  -0.12000000E+01   0.688233599999999957E+01   0.108944299999999998E+02   0.667867799999999967E+01
   0.24000000E+01   0.802458700000000036E+01   0.112330260000000006E+02   0.776028900000000021E+01
  -0.12000000E+01   0.949504800000000060E+01   0.114402360000000005E+02   0.712716800000000017E+01
  -0.12000000E+01   0.412111900000000020E+01   0.112992380000000008E+02   0.931640900000000016E+01
  -0.12000000E+01   0.814649799999999935E+01   0.120218340000000001E+02   0.376193599999999995E+01
  -0.12000000E+01   0.212987599999999988E+01   0.589962300000000006E+01   0.306250000000000022E+00
  -0.12000000E+01   0.516572799999999965E+01   0.104521829999999998E+02   0.465065799999999996E+01
   0.24000000E+01   0.613686299999999996E+01   0.111220459999999992E+02   0.112927890000000009E+02
   0.24000000E+01   0.836589999999999973E-01   0.749287800000000015E+01   0.767231199999999980E+01
  -0.12000000E+01   0.842370799999999953E+01   0.765204600000000035E+01   0.736192999999999986E+00
   0.24000000E+01   0.127283000000000007E+00   0.606299999999999981E-02   0.507461099999999998E+01
  -0.12000000E+01   0.358675400000000000E+01   0.381830999999999976E+00   0.445696400000000015E+01
   0.24000000E+01   0.782470700000000008E+01   0.118925809999999998E+02   0.646599999999999953E-01
  -0.12000000E+01   0.108293850000000003E+02   0.675992999999999977E+01   0.901785899999999963E+01
  -0.12000000E+01   0.119996010000000002E+02   0.585643000000000025E+00   0.849987199999999987E+01
   0.24000000E+01   0.119368180000000006E+02   0.100883350000000007E+02   0.995168800000000076E+01
   0.24000000E+01   0.111686230000000002E+02   0.651680999999999955E+00   0.721678399999999964E+01
  -0.12000000E+01   0.111083890000000007E+02   0.222990900000000014E+01   0.629757500000000014E+01
   0.24000000E+01   0.123355370000000004E+02   0.716406999999999972E+01   0.969388000000000005E+01
  -0.12000000E+01   0.108806220000000007E+02   0.183088999999999991E+01   0.121923200000000005E+02
  -0.12000000E+01   0.751944600000000030E+01   0.103462270000000007E+02   0.526726999999999945E+00
  -0.12000000E+01   0.633166000000000007E+00   0.832274100000000061E+01   0.901033800000000085E+01
  -0.12000000E+01   0.120356810000000003E+02   0.115051900000000007E+02   0.893974599999999953E+01
  -0.12000000E+01   0.294360799999999978E+01   0.201010999999999995E+00   0.707855100000000004E+01
  -0.12000000E+01   0.144237000000000004E+00   0.460328800000000005E+01   0.424028000000000016E+00
  -0.12000000E+01   0.681149299999999958E+01   0.141042000000000001E+00   0.846102100000000057E+01
  -0.12000000E+01   0.977894900000000078E+01   0.102374600000000004E+02   0.152850649999999995E+02
   0.24000000E+01   0.105489730000000002E+02   0.595703699999999969E+01   0.136397510000000004E+02
   0.24000000E+01   0.348618400000000017E+01   0.524378000000000011E+00   0.129560849999999999E+02
  -0.12000000E+01   0.726488300000000020E+01   0.762302000000000035E+00   0.145528089999999999E+02
  -0.12000000E+01   0.511913299999999971E+01   0.952032200000000017E+01   0.146591419999999992E+02
   0.24000000E+01   0.206405200000000022E+01   0.314923999999999982E+01   0.127963930000000001E+02
  -0.12000000E+01   0.956950800000000079E+01   0.676875200000000010E+01   0.129901289999999996E+02
  -0.12000000E+01   0.886953399999999981E+01   0.244252100000000016E+01   0.137294490000000007E+02
  -0.12000000E+01   0.778241799999999984E+01   0.899227699999999963E+01   0.136795340000000003E+02
   0.24000000E+01   0.829838799999999921E+01   0.786082299999999989E+01   0.125929059999999993E+02
   0.24000000E+01   0.989053600000000088E+01   0.311966000000000010E+01   0.125121249999999993E+02
  -0.12000000E+01   0.708085499999999968E+01   0.549980899999999995E+01   0.154818970000000000E+02
  -0.12000000E+01   0.532489599999999985E+01   0.524098299999999995E+01   0.135889349999999993E+02
  -0.12000000E+01   0.282323300000000010E+01   0.179882000000000009E+01   0.126206920000000000E+02
   0.24000000E+01   0.671481599999999990E+01   0.100462419999999995E+02   0.141557379999999995E+02
  -0.12000000E+01   0.109439099999999989E+01   0.368430599999999986E+01   0.141014630000000007E+02
  -0.12000000E+01   0.520399200000000040E+01   0.269058000000000019E+00   0.128450570000000006E+02
  -0.12000000E+01   0.267255600000000015E+01   0.102549810000000008E+02   0.146742650000000001E+02
   0.24000000E+01   0.565950400000000009E+01   0.511438099999999984E+01   0.151484570000000005E+02
  -0.12000000E+01   0.109573269999999994E+02   0.120278779999999994E+02   0.125898979999999998E+02
   0.24000000E+01   0.110515299999999996E+02   0.920488199999999956E+01   0.153698850000000000E+02
  -0.12000000E+01   0.176909200000000011E+01   0.122551079999999999E+02   0.137577520000000000E+02
  -0.12000000E+01   0.622907299999999964E+01   0.111547520000000002E+02   0.129623699999999999E+02
  -0.12000000E+01   0.957763500000000079E+01   0.538633399999999973E+01   0.149844810000000006E+02
  -0.12000000E+01   0.117727830000000004E+02   0.958951399999999943E+01   0.137387400000000000E+02
  -0.12000000E+01   0.109370410000000007E+02   0.455639000000000038E+01   0.129200769999999991E+02
  -0.12000000E+01   0.321135999999999999E+01   0.791711999999999971E+01   0.149067819999999998E+02
   0.24000000E+01   0.844481500000000018E+01   0.149992100000000006E+01   0.153417300000000001E+02
  -0.12000000E+01   0.121702670000000008E+02   0.631262900000000027E+01   0.129917010000000008E+02
  -0.12000000E+01   0.347824299999999997E+01   0.301391000000000020E+00   0.147130030000000005E+02
  -0.12000000E+01   0.104030339999999999E+02   0.774822200000000016E+01   0.149801620000000000E+02
   0.24000000E+01   0.166822599999999999E+01   0.114436549999999997E+02   0.151553889999999996E+02
   0.24000000E+01   0.120723749999999992E+02   0.108664909999999999E+02   0.129184999999999999E+02
   0.24000000E+01   0.367338800000000010E+01   0.928979700000000008E+01   0.151087120000000006E+02
  -0.12000000E+01   0.727311999999999959E+01   0.109166019999999993E+02   0.153776519999999994E+02
   0.24000000E+01   0.103015010000000000E+02   0.942988000000000071E+01   0.199704839999999990E+02
   0.24000000E+01   0.223624899999999993E+01   0.114651750000000003E+02   0.181032469999999996E+02
  -0.12000000E+01   0.503407800000000005E+01   0.105691220000000001E+02   0.206781199999999998E+02
  -0.12000000E+01   0.902577499999999944E+01   0.103078850000000006E+02   0.200652159999999995E+02
  -0.12000000E+01   0.101878360000000008E+02   0.828997599999999935E+01   0.188594930000000005E+02
  -0.12000000E+01   0.999339999999999939E+01   0.253802800000000017E+01   0.185661039999999993E+02
   0.24000000E+01   0.206516499999999992E+01   0.840464000000000055E+01   0.211187520000000006E+02
  -0.12000000E+01   0.770981000000000005E+01   0.196798999999999991E+01   0.190970690000000012E+02
  -0.12000000E+01   0.677776699999999988E+01   0.994161800000000007E+01   0.187352169999999987E+02
  -0.12000000E+01   0.323908400000000007E+01   0.663503699999999963E+01   0.180045670000000015E+02
  -0.12000000E+01   0.534115000000000006E+00   0.740432500000000005E+01   0.175212409999999998E+02
  -0.12000000E+01   0.770543400000000034E+01   0.224730499999999989E+01   0.164503529999999998E+02
   0.24000000E+01   0.952548799999999929E+01   0.705877499999999980E+01   0.187508060000000008E+02
   0.24000000E+01   0.525403999999999982E+00   0.638071999999999973E+00   0.204882629999999999E+02
  -0.12000000E+01   0.100003299999999995E+01   0.163955099999999998E+01   0.191993429999999989E+02
   0.24000000E+01   0.136509799999999992E+01   0.257944500000000021E+01   0.180644099999999987E+02
  -0.12000000E+01   0.854633800000000043E+01   0.659473700000000029E+01   0.173243569999999991E+02
  -0.12000000E+01   0.229249500000000017E+01   0.810858999999999952E+01   0.195259749999999990E+02
   0.24000000E+01   0.834752199999999966E+01   0.548700800000000033E+01   0.162858429999999998E+02
  -0.12000000E+01   0.306967899999999982E+01   0.292122500000000018E+01   0.177973299999999988E+02
  -0.12000000E+01   0.798641100000000037E+01   0.446737699999999993E+01   0.175872129999999984E+02
   0.24000000E+01   0.400857799999999997E+01   0.700553799999999960E+01   0.194582699999999988E+02
   0.24000000E+01   0.766900699999999969E+01   0.295926000000000000E+01   0.180163730000000015E+02
   0.24000000E+01   0.598414200000000029E+01   0.454014200000000034E+01   0.198427660000000010E+02
  -0.12000000E+01   0.510390000000000010E+00   0.385873700000000008E+01   0.187320290000000007E+02
  -0.12000000E+01   0.585752000000000006E+01   0.328892300000000004E+01   0.183273070000000011E+02
  -0.12000000E+01   0.890638500000000022E+01   0.644183099999999964E+01   0.199242470000000012E+02
   0.24000000E+01   0.151220700000000008E+01   0.848489099999999929E+01   0.181561109999999992E+02
  -0.12000000E+01   0.527978400000000025E+01   0.598077599999999965E+01   0.198302650000000007E+02
  -0.12000000E+01   0.302222700000000000E+01   0.860208899999999943E+01   0.170171290000000006E+02
   0.24000000E+01   0.453120399999999979E+01   0.286817900000000003E+01   0.173569129999999987E+02
  -0.12000000E+01   0.444704700000000042E+01   0.138760799999999995E+01   0.166310770000000012E+02
  -0.12000000E+01   0.121989499999999995E+01   0.101693499999999997E+02   0.179343690000000002E+02
   0.24000000E+01   0.518040099999999981E+01   0.100038710000000002E+02   0.192759619999999998E+02
  -0.12000000E+01   0.714404000000000039E+00   0.729032099999999961E+01   0.209084320000000012E+02
  -0.12000000E+01   0.493103400000000036E+01   0.840075900000000075E+01   0.192872529999999998E+02
   0.24000000E+01   0.887770699999999913E+01   0.112639990000000001E+02   0.160031849999999984E+02
  -0.12000000E+01   0.116474630000000001E+02   0.109383060000000008E+02   0.232891380000000012E+02
  -0.12000000E+01   0.742886999999999986E+01   0.459504000000000001E+01   0.203905649999999987E+02
  -0.12000000E+01   0.941616999999999926E+01   0.729964800000000036E+01   0.239115800000000007E+02
  -0.12000000E+01   0.345126599999999994E+01   0.881189900000000037E+01   0.245319700000000012E+02
  -0.12000000E+01   0.101053259999999998E+02   0.834907999999999983E+00   0.207486940000000004E+02
  -0.12000000E+01   0.196465700000000010E+01   0.596088999999999980E+00   0.212973089999999985E+02
  -0.12000000E+01   0.207615999999999978E+01   0.558266400000000029E+01   0.161939759999999993E+02
  -0.12000000E+01   0.498857299999999970E+01   0.382535900000000018E+01   0.207699439999999989E+02
   0.24000000E+01   0.897368299999999941E+01   0.513888999999999996E+01   0.209303670000000004E+02
   0.24000000E+01   0.101116199999999989E+01   0.400539299999999976E+01   0.229396859999999982E+02
  -0.12000000E+01   0.505224899999999977E+01   0.498083399999999976E+01   0.236001709999999996E+02
   0.24000000E+01   0.883472999999999953E+00   0.463589400000000040E+01   0.155216119999999993E+02
  -0.12000000E+01   0.940087000000000006E+00   0.256783699999999993E+01   0.238754880000000007E+02
  -0.12000000E+01   0.767290999999999945E+00   0.541419300000000003E+01   0.237703829999999989E+02
  -0.12000000E+01   0.642694000000000010E+01   0.157273400000000008E+01   0.238300219999999996E+02
   0.24000000E+01   0.658603399999999972E+01   0.887012799999999935E+01   0.237676930000000013E+02
   0.24000000E+01   0.405945700000000009E+01   0.714672800000000041E+01   0.226844329999999985E+02
  -0.12000000E+01   0.746519800000000000E+01   0.856906200000000062E+01   0.224706510000000002E+02
  -0.12000000E+01   0.295052100000000017E+01   0.665308000000000010E+01   0.237043309999999998E+02
   0.24000000E+01   0.562537700000000029E+01   0.595955999999999975E+01   0.246980220000000017E+02
  -0.12000000E+01   0.575809000000000015E+00   0.395407500000000001E+01   0.214721539999999997E+02
  -0.12000000E+01   0.267891099999999982E+01   0.414939899999999984E+01   0.227031190000000009E+02
  -0.12000000E+01   0.557073899999999966E+01   0.739367600000000014E+01   0.234581400000000002E+02
  -0.12000000E+01   0.715503300000000042E+01   0.604166600000000020E+01   0.245780829999999995E+02
   0.24000000E+01   0.865124600000000044E+01   0.584550899999999984E+01   0.242117730000000009E+02
   0.24000000E+01   0.105514299999999994E+01   0.100885300000000000E+01   0.240609409999999997E+02
  -0.12000000E+01   0.881705000000000005E+01   0.517511100000000024E+01   0.225770380000000017E+02
  -0.12000000E+01   0.713280899999999995E+01   0.927308000000000021E+00   0.214768830000000008E+02
  -0.12000000E+01   0.962210699999999974E+01   0.379418400000000000E+01   0.208430329999999984E+02
  -0.12000000E+01   0.985095399999999977E+01   0.137905600000000006E+01   0.159096170000000008E+02
  -0.12000000E+01   0.250527899999999981E+01   0.563249000000000000E+00   0.235986060000000002E+02
  -0.12000000E+01   0.547382300000000033E+01   0.100614810000000006E+02   0.232983580000000003E+02
  -0.12000000E+01   0.333443699999999987E+01   0.667929700000000004E+01   0.211830069999999999E+02
  -0.12000000E+01   0.330297600000000013E+01   0.871850700000000067E+01   0.223776919999999997E+02
   0.24000000E+01   0.529124299999999970E+01   0.112972380000000001E+02   0.221575659999999992E+02
  -0.12000000E+01   0.353937999999999975E+00   0.257056299999999993E+01   0.166137030000000010E+02
   0.24000000E+01   0.921312999999999960E+01   0.860381399999999985E+01   0.227659839999999996E+02
  -0.12000000E+01   0.118560119999999998E+02   0.120158459999999998E+02   0.173810460000000013E+02
   0.24000000E+01   0.442393000000000036E+01   0.396994200000000008E+01   0.223588960000000014E+02
  -0.12000000E+01   0.393536200000000003E+01   0.228730199999999995E+01   0.224546619999999990E+02
   0.24000000E+01   0.174195499999999992E+01   0.610743900000000028E+01   0.248002000000000002E+02
  -0.12000000E+01   0.386072799999999994E+01   0.109683430000000008E+02   0.185336320000000008E+02
  -0.12000000E+01   0.221298500000000020E+01   0.120478419999999993E+02   0.165787319999999987E+02
  -0.12000000E+01   0.890230999999999995E+01   0.110321230000000003E+02   0.176448479999999996E+02
   0.24000000E+01   0.794153199999999959E+01   0.110252110000000005E+02   0.191003019999999992E+02
  -0.12000000E+01   0.983619000000000021E+00   0.122528760000000005E+02   0.220277870000000000E+02
  -0.12000000E+01   0.726343899999999998E+01   0.122532230000000002E+02   0.191552979999999984E+02
   0.24000000E+01   0.557445999999999997E+00   0.113929790000000004E+02   0.234278459999999988E+02
  -0.12000000E+01   0.671830700000000025E+01   0.121569839999999996E+02   0.222286420000000007E+02
  -0.12000000E+01   0.954119200000000056E+01   0.123679109999999994E+02   0.231412879999999994E+02
  -0.12000000E+01   0.381300200000000000E+01   0.114220400000000009E+02   0.226752760000000002E+02
  -0.12000000E+01   0.173072699999999990E+01   0.119917010000000008E+02   0.195902519999999996E+02
  -0.12000000E+01   0.141528999999999988E+00   0.112609849999999998E+02   0.156799119999999998E+02
   0.24000000E+01   0.376811499999999988E+01   0.987402499999999961E+01   0.233871989999999990E+02
   0.24000000E+01   0.628701000000000043E+01   0.293235000000000023E+00   0.226986670000000004E+02
  -0.12000000E+01   0.131274599999999997E+01   0.964342300000000030E+01   0.210584610000000012E+02
  -0.12000000E+01   0.122405840000000001E+02   0.199294799999999994E+01   0.202692760000000014E+02
   0.24000000E+01   0.324867399999999984E+01   0.682123800000000013E+01   0.164013320000000000E+02
   0.24000000E+01   0.104867500000000007E+02   0.238333299999999992E+01   0.200989359999999984E+02
  -0.12000000E+01   0.116936350000000004E+02   0.937094100000000019E+01   0.167530639999999984E+02
  -0.12000000E+01   0.116713920000000009E+02   0.103406070000000003E+02   0.194161900000000003E+02
  -0.12000000E+01   0.110086800000000000E+02   0.596935299999999991E+01   0.183326330000000013E+02
  -0.12000000E+01   0.120213490000000007E+02   0.146402300000000007E+01   0.176578179999999989E+02
   0.24000000E+01   0.584847000000000006E+00   0.113632170000000006E+02   0.206860409999999995E+02
   0.24000000E+01   0.322863599999999984E+01   0.947653999999999996E+00   0.222295060000000007E+02
   0.24000000E+01   0.123038059999999998E+02   0.103938790000000001E+02   0.177767640000000000E+02
  -0.12000000E+01   0.935397799999999968E+01   0.984272200000000019E+01   0.235324430000000007E+02
  -0.12000000E+01   0.107503750000000000E+02   0.225333100000000019E+01   0.243768360000000008E+02
   0.24000000E+01   0.739849400000000035E+01   0.512819000000000025E+00   0.199984469999999988E+02
  -0.12000000E+01   0.100562059999999995E+02   0.860494399999999970E+01   0.214725490000000008E+02
  -0.12000000E+01   0.585212500000000002E+01   0.307107000000000019E+00   0.198816899999999990E+02
  -0.12000000E+01   0.484624900000000025E+01   0.654542499999999983E+01   0.159383540000000004E+02
   0.24000000E+01   0.102562840000000008E+02   0.111108390000000004E+02   0.238553400000000018E+02
   0.24000000E+01   0.111066009999999995E+02   0.730121000000000020E+00   0.244934340000000006E+02
  -0.12000000E+01   0.114999660000000006E+02   0.428680000000000005E+00   0.229899230000000010E+02
   0.24000000E+01   0.102571100000000008E+02   0.132686299999999990E+01   0.174744640000000011E+02
  -0.12000000E+01   0.486740499999999976E+01   0.386774400000000007E+01   0.158106399999999994E+02
  -0.12000000E+01   0.158233899999999994E+01   0.102125050000000002E+02   0.239963580000000007E+02
  -0.12000000E+01   0.483058399999999999E+01   0.115379999999999996E-01   0.222722060000000006E+02
   0.24000000E+01   0.756675200000000014E+01   0.464239000000000013E+00   0.277086030000000001E+02
   0.24000000E+01   0.890380999999999978E+00   0.891499999999999959E+00   0.272973880000000015E+02
  -0.12000000E+01   0.324217999999999984E+01   0.217877700000000019E+01   0.302987819999999992E+02
  -0.12000000E+01   0.163166100000000003E+01   0.996312299999999951E+01   0.264159949999999988E+02
  -0.12000000E+01   0.908715199999999967E+01   0.365641499999999997E+01   0.293106259999999992E+02
  -0.12000000E+01   0.209973700000000019E+01   0.498493299999999984E+01   0.258485009999999988E+02
   0.24000000E+01   0.769069900000000040E+01   0.420621500000000026E+01   0.294955110000000005E+02
  -0.12000000E+01   0.473573000000000022E+00   0.270831700000000009E+01   0.270179399999999994E+02
  -0.12000000E+01   0.567767399999999967E+01   0.290926099999999987E+01   0.260549439999999990E+02
   0.24000000E+01   0.166810700000000001E+01   0.388278599999999985E+01   0.271390390000000004E+02
   0.24000000E+01   0.997752700000000026E+01   0.320043100000000003E+01   0.252483220000000017E+02
  -0.12000000E+01   0.127195299999999989E+01   0.758479200000000020E+01   0.254356730000000013E+02
  -0.12000000E+01   0.583500000000000019E+00   0.634167000000000036E+00   0.257783909999999992E+02
  -0.12000000E+01   0.536361799999999977E+01   0.598944600000000005E+01   0.262940660000000008E+02
  -0.12000000E+01   0.164873300000000000E+01   0.456994800000000012E+01   0.286401189999999986E+02
   0.24000000E+01   0.679310599999999987E+01   0.226769899999999991E+01   0.251050049999999985E+02
   0.24000000E+01   0.462942300000000007E+01   0.222627199999999981E+01   0.268322620000000001E+02
   0.24000000E+01   0.597811100000000017E+01   0.628894000000000020E+01   0.277817949999999989E+02
   0.24000000E+01   0.566912299999999991E+01   0.193074100000000004E+01   0.296736719999999998E+02
  -0.12000000E+01   0.680067399999999989E+01   0.770915700000000026E+01   0.271570059999999991E+02
  -0.12000000E+01   0.301216600000000012E+01   0.308541899999999991E+01   0.269312490000000011E+02
  -0.12000000E+01   0.414779900000000001E+01   0.860227999999999993E+00   0.263206540000000011E+02
  -0.12000000E+01   0.448323200000000011E+01   0.180225499999999994E+01   0.284000659999999989E+02
  -0.12000000E+01   0.834834999999999994E+01   0.289156300000000011E+01   0.249623099999999987E+02
  -0.12000000E+01   0.693133499999999980E+01   0.108829599999999993E+01   0.263456590000000013E+02
   0.24000000E+01   0.690399799999999964E+01   0.904027499999999939E+01   0.267848299999999995E+02
  -0.12000000E+01   0.663561300000000021E+01   0.307873300000000016E+01   0.291484239999999986E+02
   0.24000000E+01   0.361958999999999975E+00   0.425262299999999982E+01   0.298936020000000013E+02
  -0.12000000E+01   0.191460600000000003E+01   0.941343000000000041E+00   0.283807459999999985E+02
  -0.12000000E+01   0.734555700000000034E+01   0.512693599999999972E+01   0.278714709999999997E+02
   0.24000000E+01   0.573109399999999969E+01   0.669933400000000034E+01   0.306679360000000010E+02
  -0.12000000E+01   0.117625099999999994E+01   0.105118770000000001E+02   0.291079259999999991E+02
   0.24000000E+01   0.218350000000000000E+01   0.898509999999999920E+01   0.254221800000000009E+02
  -0.12000000E+01   0.537447300000000006E+01   0.684540500000000041E+01   0.291073480000000018E+02
  -0.12000000E+01   0.885067699999999924E+01   0.139502199999999998E+01   0.281105139999999984E+02
   0.24000000E+01   0.309462400000000004E+01   0.968999999999999972E+00   0.295091189999999983E+02
  -0.12000000E+01   0.723620700000000028E+01   0.896142000000000039E+01   0.251400800000000011E+02
   0.24000000E+01   0.984657499999999963E+01   0.263671999999999995E+01   0.283200059999999993E+02
  -0.12000000E+01   0.545038200000000028E+01   0.982850999999999964E+01   0.268164319999999989E+02
  -0.12000000E+01   0.771455200000000030E+01   0.997812899999999914E+01   0.277818809999999985E+02
  -0.12000000E+01   0.653709100000000021E+01   0.717860999999999971E+00   0.290127680000000012E+02
  -0.12000000E+01   0.868255599999999994E+01   0.122977319999999999E+02   0.276277119999999989E+02
  -0.12000000E+01   0.133637399999999995E+01   0.123752750000000002E+02   0.271609249999999989E+02
  -0.12000000E+01   0.337471299999999985E+01   0.110906210000000005E+02   0.279377169999999992E+02
  -0.12000000E+01   0.823604599999999998E+01   0.111300139999999992E+02   0.300436300000000003E+02
  -0.12000000E+01   0.492461500000000019E+01   0.122339430000000000E+02   0.259706900000000012E+02
   0.24000000E+01   0.781205700000000025E+01   0.113199339999999999E+02   0.284894539999999985E+02
  -0.12000000E+01   0.621958500000000036E+01   0.116834910000000001E+02   0.283104459999999989E+02
   0.24000000E+01   0.490024899999999963E+01   0.112871910000000000E+02   0.274250119999999988E+02
   0.24000000E+01   0.183151899999999990E+01   0.110235869999999991E+02   0.277803919999999991E+02
  -0.12000000E+01   0.101706230000000009E+02   0.118368439999999993E+02   0.254465310000000002E+02
  -0.12000000E+01   0.605824999999999947E+00   0.581994200000000017E+01   0.305701450000000001E+02
  -0.12000000E+01   0.974211599999999933E+01   0.486917199999999983E+01   0.252013129999999990E+02
  -0.12000000E+01   0.103269009999999994E+02   0.296539999999999981E+01   0.267479629999999986E+02
  -0.12000000E+01   0.123082200000000004E+02   0.456838000000000022E+00   0.256966450000000002E+02
  -0.12000000E+01   0.120060999999999996E+01   0.326033799999999996E+01   0.306036239999999999E+02
  -0.12000000E+01   0.111797240000000002E+02   0.212173400000000001E+01   0.289994620000000012E+02
  -0.12000000E+01   0.716199500000000011E+01   0.553051899999999996E+01   0.302839460000000003E+02
   0.24000000E+01   0.115205199999999994E+02   0.630044000000000048E+00   0.293515340000000009E+02
  -0.12000000E+01   0.102164380000000001E+02   0.216919999999999995E-01   0.301838039999999985E+02
  -0.12000000E+01   0.768819999999999948E+00   0.115287099999999998E+01   0.371793240000000011E+02
  -0.12000000E+01   0.575297999999999998E+01   0.230521900000000013E+01   0.312313420000000015E+02
  -0.12000000E+01   0.574085800000000024E+01   0.103125300000000006E+02   0.343104050000000029E+02
  -0.12000000E+01   0.324294899999999986E+01   0.434282199999999996E+01   0.319232450000000014E+02
  -0.12000000E+01   0.508544299999999971E+01   0.147343399999999991E+01   0.337661069999999981E+02
   0.24000000E+01   0.831934399999999918E+01   0.162455400000000005E+01   0.328997600000000006E+02
   0.24000000E+01   0.433898000000000028E+01   0.506801000000000013E+01   0.328137839999999983E+02
  -0.12000000E+01   0.923540599999999934E+01   0.803024800000000027E+01   0.352943690000000032E+02
   0.24000000E+01   0.823115600000000036E+01   0.338398099999999991E+01   0.351541619999999995E+02
  -0.12000000E+01   0.313414100000000007E+01   0.648680699999999977E+01   0.369603839999999977E+02
   0.24000000E+01   0.757319799999999965E+01   0.785524100000000036E+01   0.323152230000000031E+02
  -0.12000000E+01   0.155780699999999994E+01   0.359520300000000015E+01   0.342698889999999992E+02
  -0.12000000E+01   0.741070299999999982E+01   0.678489200000000015E+01   0.360748279999999966E+02
  -0.12000000E+01   0.950745999999999980E+00   0.562750400000000006E+01   0.331273410000000013E+02
  -0.12000000E+01   0.327889900000000001E+01   0.559454799999999963E+01   0.342633480000000006E+02
  -0.12000000E+01   0.858943099999999937E+01   0.499308100000000010E+01   0.350014120000000020E+02
  -0.12000000E+01   0.240456300000000001E+01   0.197954900000000000E+01   0.326935390000000012E+02
  -0.12000000E+01   0.580080699999999982E+01   0.919732800000000061E+01   0.363313569999999970E+02
  -0.12000000E+01   0.422540400000000016E+01   0.774320800000000009E+01   0.348028210000000016E+02
   0.24000000E+01   0.587133500000000019E+01   0.423963100000000015E+01   0.368707989999999981E+02
  -0.12000000E+01   0.709979600000000044E+01   0.349607100000000015E+01   0.361750889999999998E+02
  -0.12000000E+01   0.722388999999999992E+01   0.283038100000000004E+01   0.336150549999999981E+02
   0.24000000E+01   0.147836199999999995E+01   0.182556199999999991E+01   0.342405949999999990E+02
  -0.12000000E+01   0.932547899999999963E+01   0.232128800000000002E+01   0.347486189999999979E+02
   0.24000000E+01   0.857681600000000088E+01   0.668632199999999965E+01   0.347490700000000032E+02
  -0.12000000E+01   0.690438699999999983E+01   0.843713400000000036E+01   0.336908820000000020E+02
  -0.12000000E+01   0.833790699999999951E+01   0.659270400000000034E+01   0.332809519999999992E+02
   0.24000000E+01   0.566925399999999957E+01   0.900430399999999942E+01   0.347751909999999995E+02
  -0.12000000E+01   0.263106300000000015E+01   0.112405500000000003E+01   0.350266159999999971E+02
  -0.12000000E+01   0.519853800000000010E+01   0.534117900000000034E+01   0.358823650000000001E+02
   0.24000000E+01   0.169877400000000001E+01   0.510991700000000026E+01   0.343786959999999979E+02
   0.24000000E+01   0.409522399999999998E+01   0.642773799999999973E+01   0.355139849999999981E+02
   0.24000000E+01   0.926613200000000070E+01   0.965743499999999955E+01   0.358142339999999990E+02
   0.24000000E+01   0.884164799999999929E+01   0.108284490000000009E+02   0.317433340000000008E+02
  -0.12000000E+01   0.842491500000000038E+01   0.105881139999999991E+02   0.350086170000000010E+02
  -0.12000000E+01   0.750916400000000017E+01   0.111978980000000004E+02   0.326477799999999974E+02
   0.24000000E+01   0.709627900000000000E+01   0.112243239999999993E+02   0.341469930000000019E+02
  -0.12000000E+01   0.100499240000000007E+02   0.117510189999999994E+02   0.322162149999999983E+02
   0.24000000E+01   0.390133399999999986E+01   0.389998000000000011E+00   0.344546100000000024E+02
   0.24000000E+01   0.266284099999999979E+01   0.301876200000000017E+01   0.315121649999999995E+02
  -0.12000000E+01   0.872712600000000016E+01   0.917986999999999931E+01   0.318724659999999993E+02
  -0.12000000E+01   0.119419499999999990E+01   0.566234199999999976E+01   0.357359909999999985E+02
   0.24000000E+01   0.585787499999999994E+01   0.265383799999999992E+01   0.329252809999999982E+02
  -0.12000000E+01   0.877270700000000048E+01   0.233547800000000016E+01   0.316430310000000006E+02
  -0.12000000E+01   0.107725810000000006E+02   0.101955890000000000E+02   0.358346990000000005E+02
   0.24000000E+01   0.123075109999999999E+02   0.107774680000000007E+02   0.364678749999999994E+02
  -0.12000000E+01   0.513982500000000009E+01   0.385180299999999987E+01   0.333659600000000012E+02
  -0.12000000E+01   0.527514899999999987E+01   0.607876399999999961E+01   0.319974789999999985E+02
  -0.12000000E+01   0.774190500000000004E+01   0.128255000000000008E+00   0.329015369999999976E+02
  -0.12000000E+01   0.644730000000000025E+01   0.789307300000000023E+01   0.314307340000000011E+02
   0.24000000E+01   0.128470000000000008E-01   0.574913399999999974E+01   0.320705400000000012E+02
  -0.12000000E+01   0.727935999999999961E+01   0.995041800000000087E+01   0.386555549999999997E+02
  -0.12000000E+01   0.121015910000000009E+02   0.219743600000000017E+01   0.461119389999999996E+02
  -0.12000000E+01   0.317110700000000012E+01   0.215621900000000011E+01   0.423270819999999972E+02
  -0.12000000E+01   0.948326899999999995E+01   0.253447300000000020E+01   0.412497079999999983E+02
  -0.12000000E+01   0.368872000000000000E+01   0.985148500000000027E+01   0.409761189999999971E+02
  -0.12000000E+01   0.405068200000000012E+01   0.532536800000000010E+01   0.407815969999999979E+02
   0.24000000E+01   0.316128099999999979E+01   0.954207700000000081E+01   0.394296780000000027E+02
  -0.12000000E+01   0.101915610000000001E+02   0.366020099999999982E+01   0.389478760000000008E+02
  -0.12000000E+01   0.911157099999999964E+01   0.614087599999999956E+01   0.382266380000000012E+02
   0.24000000E+01   0.140630600000000006E+01   0.285968100000000014E+01   0.401564660000000018E+02
  -0.12000000E+01   0.336612499999999981E+01   0.717867000000000033E+00   0.377833309999999969E+02
  -0.12000000E+01   0.168894300000000008E+01   0.407957999999999998E+01   0.411994019999999992E+02
  -0.12000000E+01   0.581657500000000027E+01   0.320619500000000013E+01   0.405483809999999991E+02
  -0.12000000E+01   0.257362400000000013E+01   0.815313899999999947E+01   0.390076150000000013E+02
  -0.12000000E+01   0.261219700000000010E+01   0.235626399999999991E+01   0.393495550000000023E+02
   0.24000000E+01   0.248812100000000003E+01   0.556664899999999996E+01   0.408888040000000004E+02
   0.24000000E+01   0.746383799999999997E+01   0.637832099999999969E+01   0.377200879999999970E+02
  -0.12000000E+01   0.199499899999999997E+01   0.556660000000000021E+01   0.393797759999999997E+02
   0.24000000E+01   0.647399900000000006E+01   0.216619999999999990E+01   0.397795279999999991E+02
  -0.12000000E+01   0.667708399999999980E+01   0.497912100000000013E+01   0.378975719999999967E+02
  -0.12000000E+01   0.445595699999999972E+01   0.334303999999999979E+01   0.372395330000000016E+02
  -0.12000000E+01   0.518694599999999983E+01   0.193531000000000009E+01   0.389464910000000017E+02
   0.24000000E+01   0.100174079999999996E+02   0.534837399999999974E+01   0.392844260000000034E+02
  -0.12000000E+01   0.911164100000000055E+01   0.550690499999999972E+01   0.405979900000000029E+02
   0.24000000E+01   0.953087299999999971E+01   0.217384699999999986E+01   0.396449819999999988E+02
  -0.12000000E+01   0.791542000000000012E+01   0.255224500000000010E+01   0.392153970000000029E+02
   0.24000000E+01   0.107876259999999995E+02   0.233028000000000013E+00   0.428663889999999981E+02
   0.24000000E+01   0.582853400000000033E+01   0.926409199999999977E+01   0.380159090000000006E+02
   0.24000000E+01   0.381117099999999986E+01   0.225246900000000005E+01   0.383664350000000027E+02
   0.24000000E+01   0.195399799999999990E+01   0.691385999999999967E+01   0.381675010000000015E+02
  -0.12000000E+01   0.626584699999999994E+01   0.759969599999999978E+01   0.382789750000000026E+02
  -0.12000000E+01   0.432758800000000043E+01   0.980960600000000049E+01   0.385333540000000028E+02
  -0.12000000E+01   0.698406699999999958E+01   0.642402999999999946E+00   0.403780760000000001E+02
  -0.12000000E+01   0.956980000000000053E-01   0.313295499999999993E+01   0.391494080000000011E+02
  -0.12000000E+01   0.381074100000000016E+01   0.106778610000000000E+02   0.434374960000000030E+02
   0.24000000E+01   0.543542400000000026E+01   0.457873999999999981E+01   0.414241590000000031E+02
   0.24000000E+01   0.267507500000000009E+01   0.102358799999999999E+02   0.443387559999999965E+02
  -0.12000000E+01   0.943545300000000076E+01   0.888145100000000021E+01   0.446484140000000025E+02
   0.24000000E+01   0.278519600000000001E+01   0.793189000000000033E+00   0.416603640000000013E+02
  -0.12000000E+01   0.281300699999999981E+01   0.104764490000000006E+02   0.459269329999999982E+02
  -0.12000000E+01   0.345544000000000018E+00   0.520734600000000025E+01   0.461607950000000002E+02
  -0.12000000E+01   0.234908900000000020E+01   0.387435900000000011E+01   0.443144789999999986E+02
  -0.12000000E+01   0.232704099999999992E+01   0.855915500000000051E+01   0.442144139999999979E+02
  -0.12000000E+01   0.109667790000000007E+02   0.103469320000000007E+02   0.459307820000000007E+02
   0.24000000E+01   0.812335599999999936E+01   0.846540000000000070E+01   0.434179370000000020E+02
   0.24000000E+01   0.604664300000000043E+01   0.852400500000000072E+01   0.455190780000000004E+02
   0.24000000E+01   0.627204699999999971E+01   0.284696699999999980E+01   0.449661279999999977E+02
  -0.12000000E+01   0.593977899999999970E+01   0.692152200000000040E+01   0.449905789999999968E+02
  -0.12000000E+01   0.648264599999999991E+01   0.429093600000000031E+01   0.446611649999999969E+02
  -0.12000000E+01   0.682209299999999974E+01   0.882205599999999990E+01   0.441906189999999981E+02
   0.24000000E+01   0.869486400000000081E+01   0.255263900000000010E+01   0.427262339999999980E+02
  -0.12000000E+01   0.874840900000000055E+01   0.928993799999999936E+01   0.423092290000000020E+02
  -0.12000000E+01   0.217086300000000021E+01   0.668137000000000025E+01   0.421818850000000012E+02
  -0.12000000E+01   0.890547600000000017E+01   0.423666300000000007E+01   0.429454649999999987E+02
   0.24000000E+01   0.348148200000000019E+01   0.319847899999999985E+01   0.435101980000000026E+02
  -0.12000000E+01   0.724869100000000000E+01   0.227593399999999990E+01   0.434959109999999995E+02
   0.24000000E+01   0.194791599999999998E+01   0.716879299999999997E+01   0.435975570000000019E+02
  -0.12000000E+01   0.722527800000000031E+01   0.235923300000000014E+01   0.461490340000000003E+02
  -0.12000000E+01   0.460906400000000005E+01   0.412951400000000035E+01   0.426607380000000020E+02
  -0.12000000E+01   0.688722499999999993E+01   0.516279199999999960E+01   0.416881229999999974E+02
  -0.12000000E+01   0.964963999999999977E+01   0.129779099999999992E+01   0.430167810000000017E+02
   0.24000000E+01   0.205839399999999983E+01   0.475544100000000025E+01   0.457147349999999975E+02
  -0.12000000E+01   0.463119200000000042E+01   0.285186399999999995E+01   0.447113080000000025E+02
   0.24000000E+01   0.833645199999999953E+01   0.544098300000000012E+01   0.420912209999999973E+02
  -0.12000000E+01   0.275761399999999979E+01   0.627314400000000028E+01   0.449191009999999977E+02
  -0.12000000E+01   0.849164200000000058E+01   0.694738399999999956E+01   0.427390430000000023E+02
   0.24000000E+01   0.924772300000000058E+01   0.106815540000000002E+02   0.417431910000000030E+02
  -0.12000000E+01   0.918416200000000060E+01   0.979830100000000037E+01   0.373061769999999981E+02
  -0.12000000E+01   0.222790299999999997E+01   0.109191029999999998E+02   0.389111109999999982E+02
   0.24000000E+01   0.259740200000000021E+01   0.123952989999999996E+02   0.395439920000000029E+02
   0.24000000E+01   0.877526100000000042E+01   0.108299040000000009E+02   0.386097249999999974E+02
  -0.12000000E+01   0.535753999999999952E+00   0.627705700000000011E+01   0.439449279999999973E+02
  -0.12000000E+01   0.336318999999999979E+00   0.643835099999999994E+01   0.377328660000000013E+02
  -0.12000000E+01   0.703338100000000033E+01   0.123179789999999993E+02   0.398643739999999980E+02
  -0.12000000E+01   0.880006700000000031E+01   0.123956409999999995E+02   0.379640199999999979E+02
  -0.12000000E+01   0.949905200000000072E+01   0.105998409999999996E+02   0.401933119999999988E+02
  -0.12000000E+01   0.288292500000000018E+01   0.120173140000000007E+02   0.411321480000000008E+02
  -0.12000000E+01   0.536925200000000036E+01   0.116211699999999993E+02   0.414595699999999994E+02
   0.24000000E+01   0.539412000000000003E+00   0.123326390000000004E+02   0.436887270000000001E+02
  -0.12000000E+01   0.812337100000000056E+01   0.116486710000000002E+02   0.420576020000000028E+02
   0.24000000E+01   0.386319400000000002E+01   0.111484070000000006E+02   0.418920359999999974E+02
  -0.12000000E+01   0.122055599999999997E+01   0.110417059999999996E+02   0.438095849999999984E+02
  -0.12000000E+01   0.115515729999999994E+02   0.543712399999999985E+01   0.394259839999999997E+02
  -0.12000000E+01   0.100152640000000002E+02   0.554372199999999982E+01   0.464059979999999968E+02
  -0.12000000E+01   0.120882260000000006E+02   0.675924999999999998E+00   0.437966660000000019E+02
   0.24000000E+01   0.107714739999999995E+02   0.912036400000000036E+01   0.451019829999999970E+02
  -0.12000000E+01   0.120732330000000001E+02   0.925584500000000077E+01   0.438069869999999995E+02
  -0.12000000E+01   0.115293240000000008E+02   0.785345400000000016E+01   0.455047479999999993E+02
   0.24000000E+01   0.114585799999999995E+02   0.581889599999999962E+01   0.455238760000000013E+02
  -0.12000000E+01   0.123418369999999999E+02   0.308281900000000020E+01   0.436177270000000021E+02
  -0.12000000E+01   0.122447640000000000E+02   0.571833800000000014E+01   0.442107839999999968E+02
  -0.12000000E+01   0.123779120000000002E+02   0.117804359999999999E+02   0.378239909999999995E+02
  -0.12000000E+01   0.108177470000000007E+02   0.112425490000000003E+02   0.424877889999999994E+02
   0.24000000E+01   0.122944910000000007E+02   0.107048480000000001E+02   0.430845959999999977E+02
  -0.12000000E+01   0.464932600000000029E+01   0.922963500000000003E+01   0.458886219999999980E+02
  -0.12000000E+01   0.916252000000000066E+01   0.339900000000000011E-02   0.465523159999999976E+02
  -0.12000000E+01   0.948500100000000046E+01   0.123439610000000002E+02   0.461575819999999979E+02
  -0.12000000E+01   0.123382400000000003E+01   0.125181399999999998E+01   0.410283050000000031E+02
   0.24000000E+01   0.188776600000000006E+01   0.101356000000000002E+00   0.375844809999999967E+02
   0.24000000E+01   0.632673500000000022E+01   0.558918300000000023E+01   0.456333729999999989E+02
  -0.12000000E+01   0.101629439999999995E+02   0.707559000000000049E+00   0.393917720000000031E+02
  -0.12000000E+01   0.471164399999999972E+01   0.101572110000000002E+02   0.485107399999999984E+02
   0.24000000E+01   0.886389499999999941E+01   0.554714300000000016E+01   0.474599740000000025E+02
  -0.12000000E+01   0.852174300000000073E+01   0.711933099999999985E+01   0.479509899999999973E+02
  -0.12000000E+01   0.199408000000000007E+01   0.617375900000000044E+01   0.489520320000000027E+02
  -0.12000000E+01   0.437347899999999967E+01   0.292052200000000006E+01   0.485132679999999965E+02
   0.24000000E+01   0.420911300000000033E+01   0.433071200000000012E+01   0.477443189999999973E+02
  -0.12000000E+01   0.461599200000000032E+01   0.536231399999999958E+01   0.490844260000000006E+02
  -0.12000000E+01   0.939549599999999963E+01   0.472502599999999973E+01   0.488932379999999966E+02
   0.24000000E+01   0.155895600000000001E+01   0.766574099999999969E+01   0.487291450000000026E+02
  -0.12000000E+01   0.738480600000000020E+01   0.931950400000000023E+01   0.492749299999999977E+02
  -0.12000000E+01   0.284864899999999999E+01   0.848258799999999979E+01   0.478406250000000028E+02
   0.24000000E+01   0.795993399999999962E+01   0.861172600000000088E+01   0.480492399999999975E+02
  -0.12000000E+01   0.942704600000000070E+01   0.951157500000000056E+01   0.476317889999999977E+02
   0.24000000E+01   0.765435200000000027E+01   0.749213000000000018E+00   0.465524810000000002E+02
  -0.12000000E+01   0.282326599999999983E+01   0.425870299999999968E+01   0.470356150000000000E+02
   0.24000000E+01   0.100726720000000007E+02   0.111064319999999999E+02   0.469842390000000023E+02
  -0.12000000E+01   0.121802200000000003E+02   0.103565179999999994E+02   0.480622899999999973E+02
  -0.12000000E+01   0.521497999999999973E+01   0.487768699999999988E+01   0.466559099999999987E+02
  -0.12000000E+01   0.679017400000000038E+01   0.841884499999999925E+01   0.469408400000000015E+02
  -0.12000000E+01   0.118784109999999998E+02   0.185024799999999989E+01   0.487121020000000016E+02
   0.24000000E+01   0.375220799999999999E+01   0.967125599999999963E+01   0.472595189999999974E+02
   0.24000000E+01   0.120451180000000004E+02   0.100672000000000006E+01   0.475347340000000003E+02
  -0.12000000E+01   0.101358320000000006E+02   0.116936400000000003E+02   0.484665480000000031E+02
   0.24000000E+01   0.112714610000000004E+02   0.108998810000000006E+02   0.493899100000000004E+02
  -0.12000000E+01   0.757716100000000026E+01   0.537335299999999982E+01   0.467538899999999984E+02
  -0.12000000E+01   0.732118300000000044E+01   0.545262000000000024E+00   0.482722150000000028E+02
  -0.12000000E+01   0.382693000000000005E+00   0.814310299999999998E+01   0.478053489999999996E+02
  -0.12000000E+01   0.177018000000000009E+01   0.533214499999999969E+01   0.516848379999999992E+02
  -0.12000000E+01   0.942408600000000085E+01   0.524145799999999973E+01   0.514978920000000002E+02
  -0.12000000E+01   0.964282399999999917E+01   0.779358500000000021E+01   0.517256379999999965E+02
   0.24000000E+01   0.571185200000000037E+01   0.956004800000000010E+01   0.497068020000000033E+02
  -0.12000000E+01   0.517865700000000029E+01   0.320651600000000014E+01   0.509491990000000001E+02
   0.24000000E+01   0.450402500000000039E+01   0.221536499999999981E+01   0.500507530000000003E+02
  -0.12000000E+01   0.174583400000000011E+01   0.844322799999999951E+01   0.501312560000000005E+02
   0.24000000E+01   0.477570899999999998E+01   0.643660899999999980E+01   0.502945199999999986E+02
  -0.12000000E+01   0.619924400000000020E+01   0.565435999999999961E+01   0.507761849999999981E+02
  -0.12000000E+01   0.557393599999999978E+01   0.932140999999999997E+00   0.500324949999999973E+02
  -0.12000000E+01   0.517723599999999973E+01   0.803653699999999915E+01   0.499616860000000003E+02
  -0.12000000E+01   0.119305700000000003E+01   0.894222999999999990E+00   0.497590029999999999E+02
  -0.12000000E+01   0.780884000000000000E+01   0.370611600000000019E+01   0.504477460000000022E+02
   0.24000000E+01   0.929805200000000021E+01   0.401078199999999985E+01   0.502591850000000022E+02
  -0.12000000E+01   0.308390999999999993E+01   0.179193300000000000E+01   0.507017969999999991E+02
  -0.12000000E+01   0.124854400000000010E+01   0.102386660000000003E+02   0.520583859999999987E+02
   0.24000000E+01   0.115229699999999990E+01   0.512237299999999962E+01   0.501614750000000029E+02
   0.24000000E+01   0.132373500000000011E+01   0.867233500000000035E+01   0.515822550000000035E+02
   0.24000000E+01   0.976610299999999931E+01   0.929386000000000045E+01   0.515701960000000028E+02
  -0.12000000E+01   0.399898599999999993E+01   0.636816699999999969E+01   0.517393020000000021E+02
  -0.12000000E+01   0.113224199999999997E+01   0.354979999999999984E+01   0.497544729999999973E+02
  -0.12000000E+01   0.961544800000000066E+01   0.217653300000000005E+01   0.599595600000000033E+02
   0.24000000E+01   0.492292000000000007E+00   0.223340100000000019E+01   0.499159140000000008E+02
  -0.12000000E+01   0.816220999999999997E+01   0.208763800000000010E+01   0.619547570000000007E+02
  -0.12000000E+01   0.926820400000000078E+01   0.941604399999999941E+01   0.540458909999999975E+02
  -0.12000000E+01   0.412693599999999972E+01   0.641696099999999969E+01   0.565757710000000031E+02
   0.24000000E+01   0.788487500000000008E+01   0.100106409999999997E+02   0.544095650000000006E+02
  -0.12000000E+01   0.321685400000000010E+01   0.465309200000000001E+01   0.586464089999999985E+02
  -0.12000000E+01   0.247724399999999978E+01   0.589217800000000036E+01   0.541846290000000010E+02
  -0.12000000E+01   0.698239599999999960E+01   0.332771799999999995E+01   0.555388060000000010E+02
  -0.12000000E+01   0.221124300000000007E+01   0.205882299999999985E+01   0.539784250000000014E+02
   0.24000000E+01   0.729990999999999945E+00   0.215117000000000003E+01   0.534131280000000004E+02
  -0.12000000E+01   0.269713499999999984E+01   0.799062800000000006E+01   0.550995229999999978E+02
   0.24000000E+01   0.167188599999999998E+01   0.924812900000000049E+01   0.551623120000000000E+02
  -0.12000000E+01   0.797431900000000038E+01   0.694934899999999978E+01   0.532337860000000020E+02
   0.24000000E+01   0.648158999999999974E+01   0.426476699999999997E+01   0.511967900000000000E+02
  -0.12000000E+01   0.510068400000000022E+01   0.290317800000000004E+01   0.543627559999999974E+02
  -0.12000000E+01   0.660430700000000037E+01   0.902443000000000062E+01   0.539129000000000005E+02
   0.24000000E+01   0.667023999999999972E+01   0.739084900000000022E+01   0.539461539999999999E+02
   0.24000000E+01   0.823938000000000059E+01   0.495550499999999960E+01   0.583730210000000014E+02
   0.24000000E+01   0.831254299999999979E+01   0.767157700000000009E+01   0.568823319999999981E+02
   0.24000000E+01   0.376478599999999997E+01   0.195828700000000011E+01   0.543348399999999998E+02
  -0.12000000E+01   0.833192599999999928E+01   0.904947499999999927E+01   0.573397500000000022E+02
   0.24000000E+01   0.250519299999999978E+01   0.631130899999999961E+01   0.524993059999999971E+02
  -0.12000000E+01   0.796722299999999972E+01   0.631487700000000007E+01   0.579512659999999968E+02
   0.24000000E+01   0.369915899999999986E+01   0.767248000000000041E+00   0.607974850000000018E+02
  -0.12000000E+01   0.541534199999999988E+01   0.182385400000000009E+01   0.578129210000000029E+02
  -0.12000000E+01   0.932138300000000086E+01   0.443873199999999990E+01   0.572202729999999988E+02
  -0.12000000E+01   0.687014999999999976E+01   0.397892599999999996E+01   0.582005949999999999E+02
  -0.12000000E+01   0.297894499999999995E+01   0.223093500000000011E+01   0.584590829999999997E+02
  -0.12000000E+01   0.371954999999999991E+01   0.189335199999999992E+01   0.559037730000000010E+02
  -0.12000000E+01   0.721684099999999962E+01   0.716785899999999998E+01   0.557583780000000004E+02
   0.24000000E+01   0.367375300000000005E+01   0.127639900000000006E+01   0.573391299999999973E+02
  -0.12000000E+01   0.523047500000000021E+01   0.687410999999999994E+01   0.543065380000000033E+02
   0.24000000E+01   0.221709699999999987E+01   0.358469699999999980E+01   0.590379250000000013E+02
  -0.12000000E+01   0.715314099999999975E+01   0.181681300000000001E+01   0.530779139999999998E+02
  -0.12000000E+01   0.202486899999999981E+01   0.398826100000000006E+01   0.606805280000000025E+02
  -0.12000000E+01   0.484976099999999999E+01   0.390918199999999993E+01   0.569300070000000034E+02
  -0.12000000E+01   0.924559499999999979E+01   0.503358300000000014E+01   0.596686320000000023E+02
  -0.12000000E+01   0.975324499999999972E+01   0.760768500000000003E+01   0.564397650000000013E+02
   0.24000000E+01   0.121514999999999995E+01   0.478025300000000009E+01   0.552152269999999987E+02
   0.24000000E+01   0.386626499999999984E+01   0.672595200000000037E+01   0.549810060000000007E+02
   0.24000000E+01   0.364544500000000005E+01   0.512261800000000012E+01   0.571570359999999980E+02
   0.24000000E+01   0.140555099999999999E+01   0.523158600000000007E+01   0.613214410000000001E+02
   0.24000000E+01   0.630176900000000018E+01   0.335216799999999981E+01   0.568428400000000025E+02
  -0.12000000E+01   0.246357900000000019E+01   0.495232299999999981E+01   0.561932959999999966E+02
  -0.12000000E+01   0.747962900000000008E+01   0.761141999999999985E+00   0.596437540000000013E+02
  -0.12000000E+01   0.695553699999999964E+01   0.432174100000000028E+01   0.528350569999999991E+02
  -0.12000000E+01   0.230464300000000000E+01   0.791736899999999988E+01   0.524340559999999982E+02
   0.24000000E+01   0.661785599999999974E+01   0.900151000000000034E+00   0.582710599999999985E+02
  -0.12000000E+01   0.121545900000000007E+01   0.951707500000000017E+01   0.566476479999999967E+02
   0.24000000E+01   0.862960700000000003E+01   0.122799799999999992E+01   0.607123380000000026E+02
  -0.12000000E+01   0.775226999999999999E+00   0.419653399999999976E+01   0.583566009999999977E+02
   0.24000000E+01   0.658550099999999983E+01   0.316737299999999999E+01   0.538821670000000026E+02
   0.24000000E+01   0.931054100000000062E+01   0.636983400000000000E+01   0.525173020000000008E+02
  -0.12000000E+01   0.215940200000000004E+01   0.102350099999999999E+01   0.609493650000000002E+02
  -0.12000000E+01   0.993425500000000028E+01   0.605476200000000020E+01   0.538893660000000025E+02
   0.24000000E+01   0.721524500000000035E+01   0.110482639999999996E+02   0.518769319999999965E+02
  -0.12000000E+01   0.596334300000000006E+01   0.105773580000000003E+02   0.509780950000000033E+02
  -0.12000000E+01   0.831192700000000073E+01   0.983984399999999937E+01   0.518223669999999998E+02
  -0.12000000E+01   0.284895699999999996E+01   0.110037880000000001E+02   0.576996260000000021E+02
  -0.12000000E+01   0.982010700000000014E+01   0.115950860000000002E+02   0.573689660000000003E+02
   0.24000000E+01   0.313196599999999981E+01   0.120965330000000009E+02   0.540489770000000007E+02
  -0.12000000E+01   0.468829500000000010E+01   0.116214809999999993E+02   0.537605089999999990E+02
  -0.12000000E+01   0.491301100000000002E+01   0.115224770000000003E+02   0.561249850000000023E+02
  -0.12000000E+01   0.417350699999999986E+01   0.445396000000000014E+00   0.540485839999999982E+02
  -0.12000000E+01   0.768295900000000032E+01   0.113942910000000008E+02   0.586153800000000018E+02
   0.24000000E+01   0.587666899999999970E+01   0.117868030000000008E+02   0.549407229999999984E+02
   0.24000000E+01   0.765683000000000002E+00   0.116065570000000005E+02   0.525537810000000007E+02
  -0.12000000E+01   0.524844000000000044E+01   0.120952260000000003E+02   0.586777319999999989E+02
   0.24000000E+01   0.394728600000000007E+01   0.121254869999999997E+02   0.573849009999999993E+02
  -0.12000000E+01   0.727714600000000011E+01   0.108745609999999999E+02   0.558435380000000023E+02
  -0.12000000E+01   0.704626000000000019E+01   0.123095949999999998E+02   0.609328179999999975E+02
   0.24000000E+01   0.115124599999999999E+01   0.108655770000000000E+02   0.575336649999999992E+02
  -0.12000000E+01   0.732438099999999981E+01   0.112684099999999994E+02   0.534552270000000007E+02
   0.24000000E+01   0.844381899999999952E+01   0.107140219999999999E+02   0.573917199999999994E+02
  -0.12000000E+01   0.221886299999999981E+01   0.107847700000000000E+02   0.543781260000000017E+02
  -0.12000000E+01   0.104760919999999995E+02   0.303084299999999995E+01   0.506122650000000007E+02
   0.24000000E+01   0.119644309999999994E+02   0.277695299999999978E+01   0.500985289999999992E+02
  -0.12000000E+01   0.455073999999999979E+00   0.368506700000000009E+01   0.543662199999999984E+02
  -0.12000000E+01   0.104556749999999994E+02   0.995647699999999958E+01   0.502312519999999978E+02
   0.24000000E+01   0.105580900000000000E+02   0.121473610000000001E+02   0.560111849999999976E+02
  -0.12000000E+01   0.147452000000000000E+00   0.911797400000000025E+01   0.544550860000000014E+02
  -0.12000000E+01   0.111905520000000003E+02   0.983407700000000062E+01   0.526334840000000028E+02
  -0.12000000E+01   0.100713729999999995E+02   0.624632999999999994E+00   0.568360550000000018E+02
  -0.12000000E+01   0.117465119999999992E+02   0.629281299999999977E+01   0.596662970000000001E+02
   0.24000000E+01   0.110177169999999993E+02   0.280667799999999978E+01   0.597013549999999995E+02
   0.24000000E+01   0.105590759999999992E+02   0.560456299999999974E+01   0.604631189999999989E+02
   0.24000000E+01   0.108702640000000006E+02   0.385989100000000018E+01   0.565920369999999977E+02
  -0.12000000E+01   0.110465610000000005E+02   0.408011999999999997E+01   0.608390569999999968E+02
  -0.12000000E+01   0.114060530000000000E+02   0.321199799999999991E+01   0.579615289999999987E+02
   0.24000000E+01   0.104959450000000007E+02   0.666625099999999993E+01   0.552583860000000016E+02
  -0.12000000E+01   0.118968500000000006E+02   0.137230000000000008E+01   0.598335859999999968E+02
  -0.12000000E+01   0.116102930000000004E+02   0.259857000000000005E+01   0.556163400000000010E+02
   0.24000000E+01   0.118155009999999994E+02   0.109611100000000006E+01   0.564173559999999981E+02
   0.24000000E+01   0.230712500000000009E+01   0.203175999999999995E+00   0.504674040000000019E+02
  -0.12000000E+01   0.113597789999999996E+02   0.541031499999999976E+01   0.560149010000000018E+02
  -0.12000000E+01   0.120537910000000004E+02   0.161409999999999991E-01   0.549451940000000008E+02
   0.24000000E+01   0.107159130000000005E+02   0.930371500000000040E+01   0.541075019999999967E+02
  -0.12000000E+01   0.164698000000000011E+00   0.223349900000000012E+01   0.515006419999999991E+02
  -0.12000000E+01   0.111480929999999994E+02   0.774066299999999963E+01   0.543593369999999965E+02
   0.24000000E+01   0.574297999999999975E+00   0.809653999999999985E+00   0.613472960000000000E+02
  -0.12000000E+01   0.441935000000000022E+00   0.108106580000000001E+02   0.590132619999999974E+02
  -0.12000000E+01   0.106216439999999999E+02   0.105371190000000006E+02   0.551982020000000020E+02
  -0.12000000E+01   0.451420200000000005E+01   0.205008699999999999E+01   0.615924460000000025E+02
  -0.12000000E+01   0.857649999999999940E-01   0.757050999999999963E+01   0.518424359999999993E+02
   0.24000000E+01   0.852797100000000086E+01   0.159483000000000014E+00   0.563945340000000002E+02
  -0.12000000E+01   0.766616500000000034E+01   0.143874499999999994E+01   0.571812729999999974E+02
  -0.12000000E+01   0.342550000000000021E+00   0.115949259999999992E+02   0.563730600000000024E+02
   0.24000000E+01   0.776992200000000022E+01   0.834099999999999980E-01   0.534083749999999995E+02
  -0.12000000E+01   0.104761019999999991E+02   0.613694800000000029E+01   0.618791220000000024E+02
  -0.12000000E+01   0.554251999999999967E+00   0.603662499999999991E+01   0.600946730000000002E+02
  -0.12000000E+01   0.765531000000000006E+01   0.119798000000000002E+00   0.551101159999999979E+02
  -0.12000000E+01   0.462311799999999984E+01   0.503470000000000029E-01   0.595548420000000007E+02
  -0.12000000E+01   0.304679999999999986E-01   0.597008600000000023E+01   0.556942609999999974E+02
   0.24000000E+01   0.321234900000000012E+01   0.153060340000000004E+02   0.112323260000000005E+02
  -0.12000000E+01   0.937556799999999946E+01   0.124474190000000000E+02   0.126757000000000009E+00
   0.24000000E+01   0.107847570000000008E+02   0.130013939999999995E+02   0.360467700000000013E+01
  -0.12000000E+01   0.106912179999999992E+02   0.132834319999999995E+02   0.529742599999999975E+01
   0.24000000E+01   0.992536300000000082E+01   0.130796840000000003E+02   0.675711300000000037E+01
  -0.12000000E+01   0.785694300000000023E+01   0.126794840000000004E+02   0.871909400000000012E+01
   0.24000000E+01   0.453163900000000019E+01   0.129359020000000005E+02   0.936662300000000059E+01
  -0.12000000E+01   0.737004000000000037E+01   0.129652089999999998E+02   0.143702700000000005E+01
  -0.12000000E+01   0.958199699999999943E+01   0.139974190000000007E+02   0.287500599999999995E+01
   0.24000000E+01   0.449120700000000017E+01   0.146882370000000009E+02   0.698296100000000042E+01
  -0.12000000E+01   0.517675299999999972E+01   0.134161730000000006E+02   0.793282899999999991E+01
   0.24000000E+01   0.793522100000000030E+01   0.134127159999999996E+02   0.287824400000000002E+01
  -0.12000000E+01   0.890741300000000003E+01   0.143014010000000003E+02   0.703321500000000022E+01
  -0.12000000E+01   0.709817199999999993E+01   0.145645830000000007E+02   0.395447499999999996E+01
  -0.12000000E+01   0.532853200000000005E+01   0.145643100000000008E+02   0.559927900000000012E+01
  -0.12000000E+01   0.353196000000000021E+01   0.140732809999999997E+02   0.988256999999999941E+01
   0.24000000E+01   0.807341599999999993E+01   0.130844070000000006E+02   0.101467399999999994E+02
   0.24000000E+01   0.994796999999999976E+01   0.130787960000000005E+02   0.123468839999999993E+02
  -0.12000000E+01   0.938807100000000005E+01   0.129907939999999993E+02   0.109875190000000007E+02
  -0.12000000E+01   0.218184300000000020E+01   0.143104429999999994E+02   0.119201429999999995E+02
  -0.12000000E+01   0.761982800000000005E+01   0.145304179999999992E+02   0.105562439999999995E+02
  -0.12000000E+01   0.561733100000000007E+01   0.126586900000000000E+02   0.106279590000000006E+02
   0.24000000E+01   0.624106900000000042E+01   0.155019950000000009E+02   0.483749599999999980E+01
  -0.12000000E+01   0.310230899999999998E+01   0.143395709999999994E+02   0.634576000000000029E+01
   0.24000000E+01   0.118370680000000004E+02   0.153696420000000007E+02   0.109982260000000007E+02
  -0.12000000E+01   0.107989630000000005E+02   0.148475680000000008E+02   0.122595650000000003E+02
   0.24000000E+01   0.120297210000000003E+02   0.132276290000000003E+02   0.885264899999999955E+01
  -0.12000000E+01   0.122274890000000003E+02   0.136485850000000006E+02   0.308603799999999984E+01
  -0.12000000E+01   0.106360379999999992E+02   0.137169260000000008E+02   0.840212900000000040E+01
  -0.12000000E+01   0.123886889999999994E+02   0.140636620000000008E+02   0.103068419999999996E+02
   0.24000000E+01   0.458180299999999985E+01   0.193637550000000012E+02   0.995123899999999928E+01
  -0.12000000E+01   0.829415700000000022E+01   0.227300679999999993E+02   0.474171099999999957E+01
  -0.12000000E+01   0.548120199999999969E+01   0.208618960000000015E+02   0.686591600000000035E+01
   0.24000000E+01   0.535251599999999961E+01   0.205866049999999987E+02   0.484311799999999959E+01
  -0.12000000E+01   0.751259600000000027E+01   0.210938860000000012E+02   0.883191300000000012E+01
  -0.12000000E+01   0.100863510000000005E+02   0.164511749999999992E+02   0.581320000000000014E+01
  -0.12000000E+01   0.100744830000000007E+02   0.209026029999999992E+02   0.441310499999999983E+01
  -0.12000000E+01   0.240080900000000019E+01   0.202102080000000015E+02   0.693898700000000002E+01
   0.24000000E+01   0.100068239999999999E+02   0.171210790000000017E+02   0.943866900000000086E+01
  -0.12000000E+01   0.167676699999999990E+01   0.181257100000000015E+02   0.843374200000000052E+01
   0.24000000E+01   0.147608600000000001E+01   0.166026880000000006E+02   0.897312499999999957E+01
  -0.12000000E+01   0.230284200000000006E+01   0.184823999999999984E+02   0.858244000000000007E+00
   0.24000000E+01   0.227999999999999980E+01   0.186712600000000002E+02   0.233614999999999995E+01
   0.24000000E+01   0.852879700000000085E+01   0.212293850000000006E+02   0.504711200000000026E+01
  -0.12000000E+01   0.511793999999999993E+01   0.160850960000000001E+02   0.751642200000000038E+01
  -0.12000000E+01   0.491081199999999995E+01   0.190390850000000000E+02   0.543775000000000031E+01
  -0.12000000E+01   0.554422700000000024E+01   0.169838629999999995E+02   0.437094100000000019E+01
  -0.12000000E+01   0.349895200000000006E+01   0.179985649999999993E+02   0.327931600000000012E+01
  -0.12000000E+01   0.806014599999999959E+01   0.203333469999999998E+02   0.630350900000000003E+01
  -0.12000000E+01   0.655764600000000009E+01   0.206232930000000003E+02   0.394071300000000013E+01
  -0.12000000E+01   0.920196999999999932E+01   0.166089009999999995E+02   0.821232099999999932E+01
  -0.12000000E+01   0.319216999999999995E+01   0.167026670000000017E+02   0.580877599999999994E+01
   0.24000000E+01   0.677831700000000037E+01   0.201678360000000012E+02   0.757770000000000010E+01
  -0.12000000E+01   0.641697399999999973E+01   0.187593110000000003E+02   0.826274000000000086E+01
   0.24000000E+01   0.417783999999999978E+01   0.175835800000000013E+02   0.465339100000000006E+01
   0.24000000E+01   0.881590800000000030E+01   0.159181989999999995E+02   0.684722299999999962E+01
  -0.12000000E+01   0.118064300000000011E+01   0.158776829999999993E+02   0.496951300000000007E+01
   0.24000000E+01   0.557445199999999996E+01   0.173607660000000017E+02   0.830842799999999926E+01
   0.24000000E+01   0.208310299999999993E+01   0.156604930000000007E+02   0.619982599999999984E+01
  -0.12000000E+01   0.449844199999999983E+01   0.180834960000000002E+02   0.916695799999999927E+01
  -0.12000000E+01   0.155688300000000002E+01   0.156113940000000007E+02   0.762185000000000024E+01
   0.24000000E+01   0.107679100000000005E+01   0.195889330000000008E+02   0.790087100000000042E+01
  -0.12000000E+01   0.226727200000000018E+01   0.161791799999999988E+02   0.102539630000000006E+02
  -0.12000000E+01   0.633793100000000020E+01   0.163583560000000006E+02   0.946584400000000059E+01
  -0.12000000E+01   0.277086500000000013E+01   0.199764119999999998E+02   0.114271069999999995E+02
   0.24000000E+01   0.632151100000000010E+01   0.195501520000000006E+02   0.124050980000000006E+02
  -0.12000000E+01   0.883633000000000024E+01   0.168600740000000009E+02   0.105292340000000006E+02
   0.24000000E+01   0.732556600000000024E+01   0.161664330000000014E+02   0.107366569999999992E+02
  -0.12000000E+01   0.566463400000000039E+01   0.189912209999999995E+02   0.109755409999999998E+02
  -0.12000000E+01   0.215981800000000002E+01   0.200621459999999985E+02   0.297074699999999980E+01
   0.24000000E+01   0.427751299999999990E+01   0.217904499999999999E+02   0.375286999999999982E+00
   0.24000000E+01   0.127164600000000005E+01   0.237433440000000004E+02   0.494130700000000012E+01
  -0.12000000E+01   0.335015900000000011E+01   0.242816429999999990E+02   0.890041800000000016E+01
  -0.12000000E+01   0.182997399999999999E+01   0.224434119999999986E+02   0.414978300000000022E+01
   0.24000000E+01   0.321037399999999984E+01   0.242171710000000004E+02   0.724788399999999999E+01
  -0.12000000E+01   0.174102899999999994E+01   0.244721289999999989E+02   0.631640200000000007E+01
   0.24000000E+01   0.298935899999999988E+01   0.214073250000000002E+02   0.320792499999999992E+01
  -0.12000000E+01   0.382323499999999994E+01   0.215606660000000012E+02   0.179330300000000009E+01
  -0.12000000E+01   0.445678999999999981E+01   0.205254750000000001E+02   0.902314100000000074E+01
   0.24000000E+01   0.880529100000000042E+01   0.218953759999999988E+02   0.913847799999999921E+01
  -0.12000000E+01   0.343732099999999985E+01   0.225823220000000013E+02   0.694174199999999963E+01
  -0.12000000E+01   0.907866399999999985E+01   0.234101350000000004E+02   0.974279199999999967E+01
  -0.12000000E+01   0.407780900000000024E+01   0.214429209999999983E+02   0.444442800000000027E+01
  -0.12000000E+01   0.104676700000000000E+01   0.178093329999999987E+02   0.291614800000000018E+01
  -0.12000000E+01   0.968411099999999969E+01   0.208871929999999999E+02   0.100779209999999999E+02
   0.24000000E+01   0.380474600000000018E+01   0.209237840000000013E+02   0.731943799999999989E+01
  -0.12000000E+01   0.551456999999999975E+00   0.204670150000000000E+02   0.918289900000000081E+01
  -0.12000000E+01   0.979507899999999943E+01   0.218874169999999992E+02   0.779193699999999989E+01
   0.24000000E+01   0.333903399999999984E+01   0.235665680000000002E+02   0.103089729999999999E+02
  -0.12000000E+01   0.511282299999999967E+01   0.233747529999999983E+02   0.524402999999999953E+00
   0.24000000E+01   0.618901000000000034E+00   0.217158780000000000E+02   0.104208639999999999E+02
  -0.12000000E+01   0.286582800000000004E+01   0.246794550000000008E+02   0.113234779999999997E+02
  -0.12000000E+01   0.725572899999999965E+01   0.232462710000000001E+02   0.121501199999999994E+02
   0.24000000E+01   0.569677499999999970E+01   0.226826660000000011E+02   0.122626419999999996E+02
  -0.12000000E+01   0.970171599999999934E+01   0.241989459999999994E+02   0.119639190000000006E+02
  -0.12000000E+01   0.217567099999999991E+01   0.223693239999999989E+02   0.102122349999999997E+02
  -0.12000000E+01   0.487455700000000025E+01   0.231287850000000006E+02   0.109595789999999997E+02
  -0.12000000E+01   0.105425409999999999E+02   0.187988819999999990E+02   0.930239300000000036E+01
  -0.12000000E+01   0.667701600000000006E+01   0.165266939999999991E+02   0.121683679999999992E+02
  -0.12000000E+01   0.123215369999999993E+02   0.165277889999999985E+02   0.646273599999999959E+01
  -0.12000000E+01   0.111124890000000001E+02   0.160228730000000006E+02   0.981156499999999987E+01
   0.24000000E+01   0.110213929999999998E+02   0.202560879999999983E+02   0.101836929999999999E+02
   0.24000000E+01   0.115269610000000000E+02   0.171831500000000013E+02   0.529835800000000035E+01
  -0.12000000E+01   0.115315610000000000E+02   0.187856810000000003E+02   0.504558399999999985E+01
   0.24000000E+01   0.114662910000000000E+02   0.203265339999999988E+02   0.501668800000000026E+01
  -0.12000000E+01   0.509786999999999990E+00   0.209149479999999990E+02   0.118508910000000007E+02
  -0.12000000E+01   0.120128570000000003E+02   0.162666469999999990E+02   0.410946400000000001E+01
   0.24000000E+01   0.507943999999999951E+00   0.169874340000000004E+02   0.405100999999999978E+01
  -0.12000000E+01   0.119384580000000007E+02   0.199799199999999999E+02   0.114084369999999993E+02
  -0.12000000E+01   0.446658699999999964E+01   0.155208390000000005E+02   0.122756430000000005E+02
  -0.12000000E+01   0.115871530000000007E+02   0.210588540000000002E+02   0.637612500000000004E+01
  -0.12000000E+01   0.119213360000000002E+02   0.235347259999999991E+02   0.734494000000000025E+01
   0.24000000E+01   0.114631229999999995E+02   0.218560219999999994E+02   0.768420900000000007E+01
  -0.12000000E+01   0.118061910000000001E+02   0.210241730000000011E+02   0.905566199999999988E+01
  -0.12000000E+01   0.748619400000000024E+01   0.164250310000000006E+02   0.635642700000000005E+01
  -0.12000000E+01   0.767919999999999991E-01   0.164013890000000018E+02   0.960438800000000015E+01
  -0.12000000E+01   0.115019159999999996E+02   0.135514089999999996E+02   0.144736309999999992E+02
  -0.12000000E+01   0.633678999999999992E+00   0.148025179999999992E+02   0.138959519999999994E+02
   0.24000000E+01   0.110386800000000007E+01   0.136372789999999995E+02   0.130218229999999995E+02
  -0.12000000E+01   0.893010499999999929E+01   0.134797619999999991E+02   0.135254899999999996E+02
   0.24000000E+01   0.101353050000000007E+02   0.139043039999999998E+02   0.150196579999999997E+02
  -0.12000000E+01   0.577761700000000022E+01   0.145365289999999998E+02   0.146392450000000007E+02
  -0.12000000E+01   0.643265699999999985E+01   0.147827190000000002E+02   0.196679029999999990E+02
  -0.12000000E+01   0.110959660000000007E+02   0.138243369999999999E+02   0.190825719999999990E+02
   0.24000000E+01   0.735320999999999980E+01   0.138113060000000001E+02   0.188001299999999993E+02
  -0.12000000E+01   0.691991599999999973E+01   0.140285080000000004E+02   0.173525939999999999E+02
  -0.12000000E+01   0.867983699999999914E+01   0.146442049999999995E+02   0.191841100000000004E+02
   0.24000000E+01   0.102420869999999997E+02   0.151123969999999996E+02   0.197459460000000000E+02
   0.24000000E+01   0.808330400000000004E+01   0.128952139999999993E+02   0.232197989999999983E+02
  -0.12000000E+01   0.817376299999999922E+01   0.144489970000000003E+02   0.227223569999999988E+02
  -0.12000000E+01   0.541234500000000018E+01   0.144070739999999997E+02   0.241357229999999987E+02
   0.24000000E+01   0.117172389999999993E+02   0.135964229999999997E+02   0.174124510000000008E+02
  -0.12000000E+01   0.941053600000000046E+01   0.129578609999999994E+02   0.160493910000000000E+02
  -0.12000000E+01   0.110052749999999993E+02   0.146685490000000005E+02   0.163564429999999987E+02
  -0.12000000E+01   0.105244300000000006E+02   0.151900619999999993E+02   0.214062230000000007E+02
   0.24000000E+01   0.630566300000000002E+01   0.151313049999999993E+02   0.163189560000000000E+02
  -0.12000000E+01   0.532865999999999951E+00   0.126934760000000004E+02   0.247377360000000017E+02
   0.24000000E+01   0.931990700000000061E+01   0.154225899999999996E+02   0.223656900000000007E+02
   0.24000000E+01   0.567665899999999990E+01   0.157094079999999998E+02   0.134950930000000007E+02
  -0.12000000E+01   0.108495799999999996E+02   0.179812609999999999E+02   0.133584890000000005E+02
   0.24000000E+01   0.372136999999999996E+00   0.163183320000000016E+02   0.137219110000000004E+02
  -0.12000000E+01   0.879711900000000036E+01   0.178244660000000010E+02   0.147354219999999998E+02
   0.24000000E+01   0.515878700000000023E+01   0.184391770000000008E+02   0.148250209999999996E+02
   0.24000000E+01   0.941632300000000022E+01   0.187753419999999984E+02   0.135262560000000001E+02
  -0.12000000E+01   0.501232800000000012E+01   0.189546710000000012E+02   0.133944989999999997E+02
  -0.12000000E+01   0.668146000000000018E+00   0.244382209999999986E+02   0.151236529999999991E+02
  -0.12000000E+01   0.789216400000000018E+01   0.191460529999999984E+02   0.126705179999999995E+02
  -0.12000000E+01   0.196001399999999992E+01   0.196646409999999996E+02   0.138914419999999996E+02
  -0.12000000E+01   0.168170500000000001E+01   0.172021009999999990E+02   0.139703739999999996E+02
   0.24000000E+01   0.207065099999999980E+01   0.184586219999999983E+02   0.148285950000000000E+02
  -0.12000000E+01   0.546125099999999986E+01   0.169157849999999996E+02   0.145747380000000000E+02
  -0.12000000E+01   0.920489199999999919E+01   0.230549779999999984E+02   0.142969290000000004E+02
  -0.12000000E+01   0.273780899999999994E+01   0.219593920000000011E+02   0.133197899999999994E+02
   0.24000000E+01   0.350989700000000004E+01   0.233175319999999999E+02   0.141712900000000008E+02
   0.24000000E+01   0.202522499999999983E+01   0.207003130000000013E+02   0.127056299999999993E+02
   0.24000000E+01   0.843003999999999998E+01   0.240304730000000006E+02   0.128316960000000009E+02
  -0.12000000E+01   0.478322000000000003E+01   0.235954060000000005E+02   0.131949699999999996E+02
  -0.12000000E+01   0.602109100000000019E+01   0.212271949999999983E+02   0.125929490000000008E+02
   0.24000000E+01   0.112908469999999994E+02   0.164507820000000002E+02   0.133093599999999999E+02
  -0.12000000E+01   0.969823099999999982E+01   0.203923939999999995E+02   0.138991620000000005E+02
   0.24000000E+01   0.973614300000000021E+01   0.216107949999999995E+02   0.148885299999999994E+02
  -0.12000000E+01   0.101813200000000004E+01   0.246799409999999995E+02   0.128653929999999992E+02
   0.24000000E+01   0.423139999999999974E-01   0.238824269999999999E+02   0.139023090000000007E+02
  -0.12000000E+01   0.998080900000000071E+01   0.155967090000000006E+02   0.143266950000000008E+02
  -0.12000000E+01   0.113036600000000007E+02   0.218029289999999989E+02   0.153632700000000000E+02
   0.24000000E+01   0.104716850000000008E+02   0.175632909999999995E+02   0.179724310000000003E+02
   0.24000000E+01   0.711539599999999961E+01   0.203595340000000000E+02   0.166716960000000007E+02
  -0.12000000E+01   0.953160800000000030E+01   0.186602369999999986E+02   0.182907459999999986E+02
  -0.12000000E+01   0.560463700000000031E+01   0.173141730000000003E+02   0.202345560000000013E+02
   0.24000000E+01   0.815253799999999984E+01   0.186012449999999987E+02   0.188833729999999989E+02
  -0.12000000E+01   0.957605299999999993E+01   0.167492880000000000E+02   0.170613530000000004E+02
  -0.12000000E+01   0.735897700000000032E+01   0.193767339999999990E+02   0.178263120000000015E+02
   0.24000000E+01   0.614494700000000016E+01   0.162132219999999982E+02   0.189945470000000007E+02
  -0.12000000E+01   0.567236399999999996E+01   0.160300870000000018E+02   0.173371229999999983E+02
  -0.12000000E+01   0.740292100000000008E+01   0.172031869999999998E+02   0.187781370000000010E+02
  -0.12000000E+01   0.343498400000000004E+01   0.185672880000000013E+02   0.155558519999999998E+02
  -0.12000000E+01   0.615657600000000027E+01   0.193347729999999984E+02   0.157065459999999995E+02
  -0.12000000E+01   0.852420500000000025E+01   0.192436959999999999E+02   0.205122070000000001E+02
  -0.12000000E+01   0.862494900000000086E+01   0.186715550000000015E+02   0.237518889999999985E+02
  -0.12000000E+01   0.213025900000000012E+01   0.193732229999999994E+02   0.218589379999999984E+02
   0.24000000E+01   0.831062200000000040E+01   0.184152260000000005E+02   0.219010950000000015E+02
  -0.12000000E+01   0.421940600000000021E+01   0.188237750000000013E+02   0.224228249999999996E+02
   0.24000000E+01   0.307592400000000010E+01   0.196742279999999994E+02   0.229771000000000001E+02
   0.24000000E+01   0.523863599999999963E+01   0.179648809999999983E+02   0.216933909999999983E+02
  -0.12000000E+01   0.737990800000000036E+01   0.164276389999999992E+02   0.241475469999999994E+02
  -0.12000000E+01   0.865034299999999945E+01   0.167427589999999995E+02   0.215564719999999994E+02
  -0.12000000E+01   0.412639599999999973E+01   0.227597200000000015E+02   0.156947139999999994E+02
  -0.12000000E+01   0.671019900000000025E+01   0.184754369999999994E+02   0.219525189999999988E+02
  -0.12000000E+01   0.514572499999999966E+01   0.164589759999999998E+02   0.227197309999999995E+02
  -0.12000000E+01   0.298234000000000021E+01   0.197056439999999995E+02   0.246693120000000015E+02
  -0.12000000E+01   0.487968899999999994E+01   0.241021339999999995E+02   0.178437359999999998E+02
  -0.12000000E+01   0.765252900000000036E+01   0.158195080000000008E+02   0.158270700000000009E+02
  -0.12000000E+01   0.597058900000000037E+01   0.217119479999999996E+02   0.169187030000000007E+02
   0.24000000E+01   0.532378399999999985E+01   0.230415290000000006E+02   0.167426850000000016E+02
  -0.12000000E+01   0.107536559999999994E+02   0.164063070000000018E+02   0.190728679999999997E+02
   0.24000000E+01   0.410221899999999984E+01   0.225189190000000004E+02   0.236240549999999985E+02
  -0.12000000E+01   0.430944899999999986E+01   0.234017750000000007E+02   0.222527650000000001E+02
  -0.12000000E+01   0.342809600000000003E+01   0.213483780000000003E+02   0.228635300000000008E+02
  -0.12000000E+01   0.553478600000000043E+01   0.224228540000000010E+02   0.244872280000000018E+02
   0.24000000E+01   0.903154699999999977E+01   0.163595879999999987E+02   0.156165909999999997E+02
  -0.12000000E+01   0.120664520000000000E+02   0.173166229999999999E+02   0.170694410000000012E+02
  -0.12000000E+01   0.575736000000000026E+00   0.186130579999999988E+02   0.159997140000000009E+02
  -0.12000000E+01   0.671250699999999956E+01   0.239167810000000003E+02   0.158914019999999994E+02
  -0.12000000E+01   0.844463700000000017E+01   0.209172399999999996E+02   0.160498060000000002E+02
   0.24000000E+01   0.579912799999999962E+01   0.159915149999999997E+02   0.240350089999999987E+02
  -0.12000000E+01   0.100707100000000001E+02   0.155971089999999997E+02   0.240442280000000004E+02
  -0.12000000E+01   0.131090100000000009E+01   0.148127659999999999E+02   0.262136080000000007E+02
   0.24000000E+01   0.896721800000000080E+01   0.128134770000000007E+02   0.261704979999999985E+02
  -0.12000000E+01   0.307149299999999981E+01   0.130972919999999995E+02   0.251375670000000007E+02
   0.24000000E+01   0.480022299999999991E+01   0.135918220000000005E+02   0.254235630000000015E+02
   0.24000000E+01   0.150593700000000008E+01   0.132408239999999999E+02   0.257710180000000015E+02
  -0.12000000E+01   0.771715100000000032E+01   0.128189139999999995E+02   0.249469120000000011E+02
  -0.12000000E+01   0.536030099999999976E+01   0.146020819999999993E+02   0.266249569999999984E+02
  -0.12000000E+01   0.947184999999999988E+01   0.142723220000000008E+02   0.261731440000000006E+02
   0.24000000E+01   0.461649200000000004E+01   0.161520890000000001E+02   0.267875480000000010E+02
   0.24000000E+01   0.160373199999999994E+01   0.162969229999999996E+02   0.265911159999999995E+02
  -0.12000000E+01   0.699562200000000001E+01   0.184935170000000006E+02   0.259344469999999987E+02
  -0.12000000E+01   0.523429599999999962E+01   0.173593720000000005E+02   0.276680910000000004E+02
  -0.12000000E+01   0.706803899999999974E+01   0.196973130000000012E+02   0.281299349999999997E+02
  -0.12000000E+01   0.931148600000000037E+01   0.169736429999999991E+02   0.258803799999999988E+02
   0.24000000E+01   0.811351299999999931E+01   0.176040320000000001E+02   0.249860019999999992E+02
  -0.12000000E+01   0.215138100000000021E+01   0.190725799999999985E+02   0.270352640000000015E+02
  -0.12000000E+01   0.871231000000000044E+01   0.213330419999999989E+02   0.302633450000000011E+02
  -0.12000000E+01   0.307421400000000000E+01   0.161879150000000003E+02   0.273103949999999998E+02
   0.24000000E+01   0.334659400000000007E+01   0.200325109999999995E+02   0.263402390000000004E+02
  -0.12000000E+01   0.468710200000000032E+01   0.195444369999999985E+02   0.266676229999999990E+02
  -0.12000000E+01   0.506087899999999991E+01   0.164997439999999997E+02   0.252553419999999988E+02
   0.24000000E+01   0.602163000000000004E+01   0.189091319999999996E+02   0.271411809999999996E+02
   0.24000000E+01   0.613165999999999989E+00   0.186879999999999988E+02   0.267466399999999993E+02
   0.24000000E+01   0.779418699999999998E+01   0.213026920000000004E+02   0.279001009999999994E+02
  -0.12000000E+01   0.705419700000000027E+01   0.216871219999999987E+02   0.266883839999999992E+02
  -0.12000000E+01   0.703229300000000013E+01   0.223465969999999992E+02   0.290267209999999984E+02
  -0.12000000E+01   0.358174100000000006E+01   0.215677060000000012E+02   0.268162969999999987E+02
   0.24000000E+01   0.363146300000000011E+01   0.231341789999999996E+02   0.265287410000000001E+02
  -0.12000000E+01   0.321690599999999982E+01   0.228211410000000008E+02   0.249389930000000000E+02
  -0.12000000E+01   0.309079900000000007E+01   0.242907839999999986E+02   0.274565470000000005E+02
  -0.12000000E+01   0.222837599999999991E+01   0.236392789999999984E+02   0.299453500000000012E+02
   0.24000000E+01   0.652157900000000001E+01   0.228963250000000009E+02   0.259136880000000005E+02
  -0.12000000E+01   0.504587200000000013E+01   0.237934379999999983E+02   0.262717279999999995E+02
  -0.12000000E+01   0.748860700000000001E+01   0.238934360000000012E+02   0.253065120000000014E+02
  -0.12000000E+01   0.928733599999999981E+01   0.214193670000000012E+02   0.275831330000000001E+02
  -0.12000000E+01   0.806247000000000047E+00   0.176241360000000000E+02   0.256971929999999986E+02
   0.24000000E+01   0.102933430000000001E+02   0.156766170000000002E+02   0.255696699999999986E+02
  -0.12000000E+01   0.711029999999999995E-01   0.246516309999999983E+02   0.301277289999999986E+02
   0.24000000E+01   0.803455499999999923E+01   0.226326929999999997E+02   0.302301380000000002E+02
  -0.12000000E+01   0.942633799999999944E+01   0.240649659999999983E+02   0.299460270000000008E+02
  -0.12000000E+01   0.116434230000000003E+02   0.156308220000000002E+02   0.262724299999999999E+02
  -0.12000000E+01   0.445562000000000014E+00   0.222703290000000003E+02   0.288758170000000014E+02
   0.24000000E+01   0.550703000000000054E+00   0.231375829999999993E+02   0.301869520000000016E+02
  -0.12000000E+01   0.841875999999999958E+00   0.172420800000000014E+02   0.279432200000000002E+02
  -0.12000000E+01   0.646677799999999969E+01   0.153477379999999997E+02   0.349836480000000023E+02
   0.24000000E+01   0.695962000000000014E+01   0.139858049999999992E+02   0.357688139999999990E+02
  -0.12000000E+01   0.703683999999999976E+01   0.127371200000000009E+02   0.346319310000000016E+02
  -0.12000000E+01   0.611807700000000043E+01   0.136099650000000008E+02   0.371258139999999983E+02
  -0.12000000E+01   0.984750299999999967E+01   0.136556460000000008E+02   0.342946370000000016E+02
  -0.12000000E+01   0.835801099999999941E+01   0.144079759999999997E+02   0.367385030000000015E+02
  -0.12000000E+01   0.998096699999999970E+01   0.141879720000000002E+02   0.316147780000000012E+02
   0.24000000E+01   0.105951839999999997E+02   0.132143420000000003E+02   0.328790249999999986E+02
  -0.12000000E+01   0.105144439999999992E+02   0.140222040000000003E+02   0.369048480000000012E+02
  -0.12000000E+01   0.120403789999999997E+02   0.143410030000000006E+02   0.347825010000000034E+02
   0.24000000E+01   0.105327240000000000E+02   0.146364269999999994E+02   0.353886630000000011E+02
  -0.12000000E+01   0.120582840000000004E+02   0.129360789999999994E+02   0.330229100000000031E+02
   0.24000000E+01   0.104554799999999997E+02   0.178427259999999990E+02   0.360780529999999970E+02
  -0.12000000E+01   0.453995399999999982E+01   0.195812120000000007E+02   0.351382400000000032E+02
  -0.12000000E+01   0.918632599999999933E+01   0.185897059999999996E+02   0.354645200000000003E+02
   0.24000000E+01   0.936219000000000023E+00   0.162844030000000011E+02   0.354931059999999974E+02
   0.24000000E+01   0.787139499999999970E+01   0.179886260000000000E+02   0.347858999999999980E+02
  -0.12000000E+01   0.699623799999999996E+01   0.179444349999999986E+02   0.361331289999999967E+02
  -0.12000000E+01   0.116251400000000005E+01   0.180409569999999988E+02   0.347632910000000024E+02
  -0.12000000E+01   0.527227200000000007E+01   0.176115110000000001E+02   0.337134649999999993E+02
   0.24000000E+01   0.543942499999999995E+01   0.191138939999999984E+02   0.336681749999999980E+02
  -0.12000000E+01   0.749141700000000021E+01   0.169289909999999999E+02   0.335455499999999986E+02
   0.24000000E+01   0.342701099999999981E+01   0.165223499999999994E+02   0.369137810000000002E+02
  -0.12000000E+01   0.697412399999999977E+01   0.193342999999999989E+02   0.339636070000000032E+02
  -0.12000000E+01   0.497444199999999981E+01   0.163522779999999983E+02   0.368669719999999970E+02
  -0.12000000E+01   0.476432099999999981E+01   0.199184699999999992E+02   0.326610230000000001E+02
   0.24000000E+01   0.831956000000000029E+00   0.195924419999999984E+02   0.346837179999999989E+02
  -0.12000000E+01   0.403795000000000015E+00   0.204360910000000011E+02   0.333553709999999981E+02
   0.24000000E+01   0.374431199999999986E+01   0.208394019999999998E+02   0.357945029999999988E+02
  -0.12000000E+01   0.536447200000000013E+01   0.155703879999999995E+02   0.323931070000000005E+02
   0.24000000E+01   0.361737699999999984E+01   0.241782110000000010E+02   0.353119239999999976E+02
  -0.12000000E+01   0.372562799999999994E+01   0.225819469999999995E+02   0.353508830000000032E+02
  -0.12000000E+01   0.315119300000000013E+01   0.246717130000000004E+02   0.367400949999999966E+02
  -0.12000000E+01   0.221980300000000019E+01   0.204096989999999998E+02   0.351879890000000017E+02
  -0.12000000E+01   0.781179500000000004E+01   0.236524369999999990E+02   0.314588560000000008E+02
   0.24000000E+01   0.615362499999999990E+01   0.161220829999999999E+02   0.336802089999999978E+02
  -0.12000000E+01   0.119807550000000003E+02   0.182955819999999996E+02   0.363492329999999981E+02
  -0.12000000E+01   0.103246369999999992E+02   0.163314929999999983E+02   0.352416199999999975E+02
  -0.12000000E+01   0.548148999999999997E+00   0.163053939999999997E+02   0.370691660000000027E+02
  -0.12000000E+01   0.693209999999999937E-01   0.156224319999999999E+02   0.341848310000000026E+02
  -0.12000000E+01   0.252150100000000021E+01   0.159425830000000008E+02   0.356899579999999972E+02
  -0.12000000E+01   0.601210999999999984E+01   0.147115089999999995E+02   0.396730779999999967E+02
  -0.12000000E+01   0.118146179999999994E+02   0.153582979999999996E+02   0.445231569999999977E+02
  -0.12000000E+01   0.215659599999999996E+01   0.146220979999999994E+02   0.455836510000000033E+02
   0.24000000E+01   0.578239000000000036E+01   0.133642690000000002E+02   0.388698210000000017E+02
  -0.12000000E+01   0.174092200000000008E+01   0.136825980000000005E+02   0.397459449999999990E+02
  -0.12000000E+01   0.421651299999999996E+01   0.128735049999999998E+02   0.390302870000000013E+02
   0.24000000E+01   0.693664900000000006E+01   0.124664249999999992E+02   0.413963279999999969E+02
  -0.12000000E+01   0.649196300000000015E+01   0.136614529999999998E+02   0.422273020000000017E+02
   0.24000000E+01   0.619710900000000020E+01   0.153259659999999993E+02   0.425463680000000011E+02
   0.24000000E+01   0.206769600000000020E+01   0.154000129999999995E+02   0.397100190000000026E+02
  -0.12000000E+01   0.686984300000000037E+01   0.134611699999999992E+02   0.454761760000000024E+02
   0.24000000E+01   0.849053400000000025E+01   0.136878480000000007E+02   0.456883490000000023E+02
  -0.12000000E+01   0.176720999999999995E+01   0.135498930000000009E+02   0.432562659999999966E+02
  -0.12000000E+01   0.963841799999999971E+01   0.139451900000000002E+02   0.444872500000000031E+02
  -0.12000000E+01   0.423998800000000031E+01   0.142943259999999999E+02   0.446935509999999994E+02
   0.24000000E+01   0.563099599999999967E+01   0.145897810000000003E+02   0.452915380000000027E+02
  -0.12000000E+01   0.867436900000000044E+01   0.146903310000000005E+02   0.391726949999999974E+02
   0.24000000E+01   0.281397200000000014E+01   0.145337560000000003E+02   0.441752099999999999E+02
  -0.12000000E+01   0.114242100000000004E+02   0.142524049999999995E+02   0.423835860000000011E+02
  -0.12000000E+01   0.497140000000000012E-01   0.130981459999999998E+02   0.451949469999999991E+02
   0.24000000E+01   0.107257759999999998E+02   0.148787599999999998E+02   0.437103520000000003E+02
   0.24000000E+01   0.926671699999999987E+01   0.138703479999999999E+02   0.380038950000000000E+02
   0.24000000E+01   0.700883000000000034E+00   0.141665890000000001E+02   0.462446989999999971E+02
  -0.12000000E+01   0.859187299999999965E+01   0.147046370000000000E+02   0.468868650000000002E+02
  -0.12000000E+01   0.104754439999999995E+02   0.143050999999999995E+02   0.490258290000000017E+02
  -0.12000000E+01   0.402469099999999980E+01   0.134095139999999997E+02   0.483694539999999975E+02
   0.24000000E+01   0.959889500000000062E+01   0.153640439999999998E+02   0.482101230000000029E+02
  -0.12000000E+01   0.646148999999999973E+00   0.131912190000000002E+02   0.473529509999999974E+02
   0.24000000E+01   0.503899299999999961E+01   0.146900980000000008E+02   0.483292459999999977E+02
  -0.12000000E+01   0.580705500000000008E+01   0.149304030000000001E+02   0.469945269999999979E+02
  -0.12000000E+01   0.107943739999999995E+02   0.154817359999999997E+02   0.467701130000000020E+02
  -0.12000000E+01   0.350660799999999995E+01   0.182873510000000010E+02   0.418445150000000012E+02
  -0.12000000E+01   0.521049900000000044E+01   0.202896420000000006E+02   0.414165830000000028E+02
   0.24000000E+01   0.364892700000000003E+01   0.195983680000000007E+02   0.410355660000000029E+02
  -0.12000000E+01   0.631580299999999983E+01   0.156528209999999994E+02   0.442887539999999973E+02
  -0.12000000E+01   0.100313440000000007E+02   0.174562759999999990E+02   0.375932960000000023E+02
   0.24000000E+01   0.102019219999999997E+02   0.176029049999999998E+02   0.392480090000000033E+02
   0.24000000E+01   0.920093100000000064E+01   0.205944670000000016E+02   0.396584989999999991E+02
  -0.12000000E+01   0.482149099999999997E+01   0.160908599999999993E+02   0.422753179999999986E+02
   0.24000000E+01   0.631690299999999993E+01   0.171500349999999990E+02   0.373013040000000018E+02
  -0.12000000E+01   0.112851900000000005E+01   0.235708060000000010E+02   0.380936939999999993E+02
  -0.12000000E+01   0.554408700000000021E+01   0.184537109999999984E+02   0.380342279999999988E+02
  -0.12000000E+01   0.352377699999999994E+01   0.195206020000000002E+02   0.395861439999999973E+02
  -0.12000000E+01   0.721027799999999974E+01   0.166206749999999985E+02   0.383593490000000017E+02
  -0.12000000E+01   0.329924799999999996E+01   0.178997129999999984E+02   0.374476629999999986E+02
  -0.12000000E+01   0.772940200000000033E+01   0.203138800000000010E+02   0.400247979999999970E+02
   0.24000000E+01   0.267813999999999997E+00   0.228749329999999986E+02   0.461320460000000026E+02
  -0.12000000E+01   0.101261860000000006E+02   0.192946360000000006E+02   0.392919020000000003E+02
   0.24000000E+01   0.402945900000000012E+01   0.190464130000000011E+02   0.381128250000000008E+02
  -0.12000000E+01   0.931667299999999976E+01   0.169044269999999983E+02   0.404732399999999970E+02
   0.24000000E+01   0.334272400000000003E+01   0.167380190000000013E+02   0.422191710000000029E+02
  -0.12000000E+01   0.100525470000000006E+02   0.209580780000000004E+02   0.410960540000000023E+02
  -0.12000000E+01   0.926150000000000029E+00   0.211465570000000014E+02   0.434070710000000020E+02
  -0.12000000E+01   0.331053700000000006E+01   0.203961959999999998E+02   0.443195630000000023E+02
  -0.12000000E+01   0.974223800000000040E+01   0.201117840000000001E+02   0.438867249999999984E+02
  -0.12000000E+01   0.117424200000000001E+01   0.216959589999999984E+02   0.458528499999999966E+02
  -0.12000000E+01   0.783453599999999994E+01   0.185674029999999988E+02   0.453718379999999968E+02
   0.24000000E+01   0.915620999999999974E+01   0.173727319999999992E+02   0.420594949999999983E+02
  -0.12000000E+01   0.549879500000000032E+01   0.190316249999999982E+02   0.443808590000000009E+02
   0.24000000E+01   0.720411499999999982E+01   0.188657320000000013E+02   0.439564069999999987E+02
  -0.12000000E+01   0.773942200000000025E+01   0.179662049999999986E+02   0.427776899999999998E+02
  -0.12000000E+01   0.988906899999999922E+01   0.186004030000000000E+02   0.420553400000000011E+02
  -0.12000000E+01   0.221507999999999994E+01   0.203550989999999992E+02   0.414490339999999975E+02
   0.24000000E+01   0.496811600000000020E+01   0.204245400000000004E+02   0.448081239999999994E+02
   0.24000000E+01   0.644471900000000009E+01   0.211832619999999991E+02   0.407237769999999983E+02
  -0.12000000E+01   0.495548500000000036E+01   0.245771610000000003E+02   0.404827020000000033E+02
   0.24000000E+01   0.769965499999999992E+01   0.159122090000000007E+02   0.397494719999999973E+02
  -0.12000000E+01   0.913817899999999916E+01   0.221209920000000011E+02   0.388656959999999998E+02
